32.013077
16.423914
11.023488
8.421257
6.839126
5.769225
5.014474
4.523714
4.056418
3.724705
3.457647
3.188072
3.038911
2.859651
2.692468
2.576284
2.484079
2.378742
2.281069
2.219038
2.134610
2.078276
2.015954
1.968947
1.925909
1.873835
1.843596
1.802229
1.768827
1.741674
1.707378
1.678980
1.663170
1.633861
1.616630
1.595091
1.575285
1.559877
1.538592
1.520256
1.510949
1.493657
1.478193
1.468026
1.453290
1.441265
1.426794
1.420083
1.407100
1.399851
1.387808
1.380452
1.373052
1.360829
1.360538
1.352246
1.342367
1.335424
1.328006
1.317603
1.317941
1.312425
1.304682
1.300150
1.292758
1.286170
1.277436
1.273803
1.276749
1.269245
1.262370
1.260107
1.256323
1.249260
1.243768
1.243354
1.239507
1.238152
1.236805
1.231008
1.231150
1.222561
1.216348
1.218983
1.214110
1.208937
1.210226
1.206075
1.203073
1.200024
1.196315
1.198744
1.193498
1.191471
1.189138
1.191643
1.185435
1.181100
1.176350
1.177879
1.177417
1.177110
1.173622
1.169049
1.169763
1.166077
1.164546
1.164386
1.161313
1.161473
1.158810
1.156509
1.153772
1.153653
1.152552
1.151039
1.146406
1.148352
1.147761
1.145981
1.141834
1.144760
1.142994
1.140104
1.140943
1.137522
1.136591
1.137090
1.135918
1.133180
1.132051
1.130547
1.130060
1.131499
1.125728
1.125983
1.127154
1.124442
1.124798
1.122029
1.122025
1.123421
1.119960
1.117550
1.118121
1.119665
1.116127
1.115864
1.117788
1.113697
1.111716
1.110249
1.110570
1.110451
1.109432
1.108975
1.108571
1.105340
1.105693
1.106356
1.103375
1.104070
1.103910
1.104688
1.102173
1.102534
1.101273
1.100574
1.100533
1.099742
1.098649
1.099140
1.097924
1.097977
1.095897
1.096225
1.096375
1.095971
1.093676
1.093262
1.091670
1.093615
1.089593
1.092491
1.088770
1.089045
1.089868
1.090836
1.088064
1.088090
1.086933
1.085734
1.088749
1.086508
1.087191
1.087816
1.085949
1.085324
1.083560
1.084206
1.081772
1.083145
1.083677
1.082254
1.079551
1.080574
1.082170
1.081317
1.079452
1.077652
1.077677
1.076493
1.077901
1.077343
1.076352
1.075860
1.075952
1.076245
1.076224
1.074539
1.074580
1.075641
1.074408
1.074349
1.074657
1.075477
1.071046
1.072317
1.074624
1.070983
1.070731
1.070894
1.073055
1.070950
1.071044
1.069754
1.069050
1.069152
1.069770
1.067570
1.068479
1.069934
1.069146
1.066191
1.065498
1.065615
1.067056
1.069303
1.067374
1.065958
1.065902
1.065040
1.065895
1.065038
1.065543
1.064739
1.065048
1.063512
1.067147
1.063671
1.061983
1.062674
1.062184
1.060604
1.062560
1.060534
1.061856
1.063441
1.061442
1.060211
1.061438
1.060141
1.060110
1.059828
1.059228
1.057496
1.059029
1.059955
1.059268
1.058126
1.057523
1.057933
1.058777
1.056917
1.057437
1.056330
1.055417
1.055211
1.054916
1.055340
1.055094
1.055035
1.055708
1.056484
1.054056
1.054793
1.055020
1.053836
1.053160
1.053297
1.053147
1.053176
1.052250
1.050529
1.055189
1.052512
1.052136
1.052881
1.053514
1.053575
1.051290
1.053531
1.049047
1.054052
1.052172
1.050008
1.050582
1.049118
1.050978
1.050358
1.050894
1.052364
1.049681
1.050250
1.048992
1.049324
1.048398
1.049685
1.049769
1.049837
1.047816
1.046355
1.048666
1.048293
1.047594
1.048691
1.047404
1.048248
1.047577
1.046126
1.046916
1.047990
1.047330
1.046256
1.047970
1.047939
1.047519
1.047360
1.047316
1.045961
1.046035
1.046666
1.044139
1.045216
1.045439
1.045033
1.045876
1.046292
1.044250
1.044217
1.044202
1.044391
1.042628
1.042493
1.044343
1.043991
1.043534
1.040644
1.042667
1.044868
1.043013
1.044459
1.044699
1.043440
1.043494
1.043986
1.043302
1.041212
1.045159
1.043346
1.042196
1.040368
1.043660
1.041623
1.039891
1.039661
1.042234
1.040902
1.041433
1.041505
1.040023
1.040518
1.040772
1.039474
1.040884
1.041164
1.040265
1.038480
1.041291
1.040939
1.041166
1.039747
1.040958
1.040342
1.038912
1.041358
1.038863
1.038706
1.039266
1.039570
1.039326
1.038581
1.038809
1.040615
1.039463
1.038514
1.038805
1.037983
1.038535
1.036363
1.041651
1.038703
1.038833
1.037445
1.037442
1.038307
1.037046
1.038063
1.037357
1.036743
1.037585
1.036629
1.039010
1.037165
1.036510
1.035303
1.035776
1.036293
1.036311
1.036376
1.036146
1.035441
1.036527
1.037218
1.036423
1.036354
1.037332
1.035786
1.036260
1.036502
1.035389
1.035467
1.036956
1.036160
1.033922
1.035262
1.035935
1.034792
1.035112
1.035389
1.034303
1.035039
1.034308
1.035647
1.035759
1.034621
1.034351
1.034162
1.034930
1.033287
1.033587
1.033654
1.034242
1.032789
1.033307
1.032151
1.032890
1.033915
1.032561
1.033480
1.033357
1.033408
1.032333
1.032289
1.031971
1.031264
1.033113
1.032710
1.032858
1.034255
1.032373
1.032719
1.031165
1.031794
1.032411
1.031377
1.032082
1.031159
1.031200
1.032264
1.031340
1.031985
1.031573
1.030441
1.030758
1.032423
1.031350
1.031839
1.031748
1.031337
1.030722
1.031478
1.030851
1.030893
1.030301
1.030836
1.030890
1.029387
1.031102
1.030143
1.030721
1.030163
1.030091
1.031793
1.029980
1.029958
1.030498
1.029237
1.030311
1.030198
1.031101
1.032129
1.028244
1.031691
1.029793
1.029050
1.029973
1.030244
1.028877
1.027509
1.029285
1.028564
1.030139
1.028770
1.029475
1.028860
1.028325
1.028395
1.030484
1.029725
1.029469
1.028483
1.028117
1.028355
1.028207
1.028744
1.028007
1.028956
1.028560
1.028369
1.028473
1.028454
1.028269
1.027348
1.028986
1.028705
1.028359
1.028844
1.027694
1.027457
1.026148
1.027544
1.028044
1.026684
1.025595
1.025682
1.028108
1.026099
1.026394
1.027717
1.027492
1.028161
1.026661
1.028352
1.026621
1.028599
1.029669
1.026764
1.026185
1.028402
1.026934
1.025397
1.027317
1.026504
1.027747
1.027140
1.026760
1.026930
1.026008
1.025482
1.026595
1.027573
1.026117
1.027219
1.026426
1.026323
1.025194
1.026552
1.026038
1.024988
1.025808
1.025484
1.026898
1.024909
1.027123
1.026070
1.027334
1.024973
1.026214
1.026335
1.025006
1.026769
1.026224
1.025828
1.025918
1.024363
1.025665
1.024321
1.024986
1.024394
1.023434
1.023679
1.023328
1.024994
1.023253
1.024757
1.024880
1.026469
1.024485
1.025858
1.025903
1.024297
1.024746
1.025222
1.025847
1.024615
1.024144
1.023520
1.024016
1.023582
1.022191
1.024074
1.024632
1.025141
1.025077
1.025236
1.023197
1.024211
1.023430
1.024806
1.024339
1.023950
1.025204
1.023092
1.025486
1.023053
1.024026
1.022559
1.023656
1.023297
1.023952
1.024298
1.022618
1.021937
1.023783
1.023821
1.023816
1.023424
1.024129
1.023402
1.022223
1.023435
1.023757
1.022688
1.024138
1.021369
1.022975
1.023537
1.022503
1.023452
1.023903
1.023321
1.022970
1.022985
1.022577
1.022922
1.021849
1.022796
1.023550
1.021801
1.023090
1.022612
1.022004
1.021871
1.023056
1.022697
1.021884
1.023107
1.021551
1.022626
1.023399
1.021121
1.022552
1.023360
1.021392
1.021972
1.023014
1.021823
1.022221
1.021374
1.022917
1.021731
1.022621
1.022031
1.021937
1.022128
1.020618
1.021675
1.021837
1.021865
1.020733
1.022665
1.019894
1.020424
1.022082
1.022822
1.021358
1.019865
1.020602
1.022303
1.021177
1.022319
1.021271
1.021487
1.021932
1.020586
1.019602
1.020472
1.020818
1.021974
1.021577
1.022228
1.022598
1.020390
1.020161
1.020608
1.021039
1.020637
1.022280
1.020828
1.021426
1.019797
1.018919
1.019085
1.021182
1.020694
1.018512
1.020669
1.020268
1.020598
1.021707
1.022082
1.019839
1.021329
1.021173
1.019516
1.020764
1.019324
1.020760
1.020189
1.020195
1.021968
1.019521
1.021438
1.021328
1.019904
1.020578
1.020322
1.020048
1.020536
1.020692
1.020601
1.020015
1.019839
1.019977
1.020654
1.021025
1.018932
1.020602
1.020445
1.018890
1.020243
1.020307
1.018830
1.018594
1.019740
1.018696
1.020233
1.019987
1.020163
1.020229
1.019609
1.019355
1.018400
1.019019
1.017543
1.019784
1.019170
1.019908
1.021216
1.019771
1.017863
1.017949
1.018934
1.019037
1.019389
1.019976
1.017975
1.019647
1.019978
1.019884
1.019528
1.018474
1.018891
1.018618
1.018629
1.018720
1.018955
1.017597
1.020133
1.017778
1.018076
1.018667
1.017999
1.017865
1.019006
1.019360
1.018777
1.018713
1.017947
1.017712
1.017205
1.019427
1.018520
1.018438
1.018454
1.019223
1.017555
1.017233
1.017117
1.017449
1.018611
1.017764
1.018456
1.020947
1.018584
1.017708
1.019452
1.018311
1.018501
1.017595
1.018559
1.020025
1.018080
1.017766
1.016454
1.018016
1.017584
1.018152
1.015752
1.018202
1.018192
1.017696
1.018296
1.017974
1.016745
1.019211
1.017587
1.017247
1.016749
1.018259
1.018013
1.017361
1.018687
1.016462
1.017715
1.016317
1.017820
1.018545
1.017260
1.016311
1.017603
1.018447
1.016720
1.017879
1.018031
1.017860
1.017159
1.017732
1.016556
1.017274
1.018945
1.017686
1.017441
1.017299
1.017548
1.017981
1.017198
1.018246
1.016394
1.018994
1.018138
1.016760
1.016480
1.015881
1.017083
1.017675
1.016018
1.017208
1.017275
1.016331
1.016498
1.015748
1.016709
1.017067
1.017643
1.017492
1.016378
1.016154
1.016857
1.016821
1.015100
1.016241
1.017454
1.016786
1.017194
1.016803
1.016098
1.016928
1.017566
1.016764
1.017565
1.015219
1.018305
1.016787
1.017055
1.017998
1.016608
1.016154
1.017666
1.016726
1.016638
1.015246
1.018358
1.016010
1.015316
1.017050
1.016210
1.014204
1.018064
1.015353
1.016289
1.017463
1.016583
1.016585
1.015587
1.016090
1.016597
1.015438
1.016050
1.014125
1.016822
1.015501
1.015807
1.015015
1.016869
1.014745
1.015953
1.016458
1.014470
1.016497
1.015757
1.015478
1.016158
1.015832
1.015336
1.016298
1.014468
1.016943
1.015960
1.016075
1.015493
1.015263
1.015344
1.016032
1.015709
1.014568
1.016812
1.014801
1.015028
1.016152
1.015887
1.014683
1.015224
1.014438
1.016378
1.016160
1.014522
1.015876
1.014275
1.015234
1.015309
1.015051
1.015265
1.014986
1.015292
1.015355
1.016031
1.015759
1.015184
1.013625
1.015086
1.015887
1.014964
1.013861
1.015062
1.015576
1.014904
1.016579
1.016153
1.014735
1.013401
1.014818
1.016081
1.014928
1.015543
1.016213
1.016352
1.014501
1.000000
1.014770
1.015069
1.014263
1.015229
1.014143
1.013606
1.015313
1.013145
1.015206
1.015580
1.013769
1.013704
1.015169
1.015048
1.014870
1.014086
1.015080
1.014109
1.013416
1.015740
1.015721
1.013589
1.015116
1.014525
1.013664
1.014415
1.014757
1.013793
1.014014
1.015685
1.013203
1.014776
1.014667
1.015512
1.014383
1.013099
1.014444
1.014868
1.015369
1.013878
1.014972
1.013798
1.013816
1.013489
1.014005
1.013749
1.014048
1.014746
1.015211
1.014705
1.014634
1.013194
1.014521
1.015616
1.014941
1.014238
1.014534
1.013620
1.014033
1.014756
1.013884
1.013802
1.013886
1.014739
1.012666
1.013744
1.013537
1.014051
1.014383
1.015593
1.014003
1.014170
1.014290
1.013838
1.013571
1.015020
1.014117
1.014420
1.014298
1.012665
1.015319
1.014719
1.012788
1.012669
1.014347
1.014805
1.014443
1.013866
1.014102
1.012385
1.012095
1.013439
1.013167
1.012627
1.014942
1.015057
1.013705
1.013124
1.013667
1.014511
1.013902
1.012889
1.013330
1.012919
1.012531
1.012948
1.014298
1.013004
1.015123
1.013294
1.014692
1.012772
1.012053
1.013885
1.013619
1.014921
1.013284
1.013752
1.012293
1.013059
1.013266
1.013724
1.012678
1.012575
1.013155
1.011083
1.013996
1.011978
1.011896
1.012209
1.013725
1.014042
1.013810
1.012527
1.011851
1.012162
1.013269
1.013000
1.014205
1.012398
1.013604
1.013802
1.012247
1.013612
1.013616
1.012373
1.013726
1.013196
1.012465
1.013506
1.012900
1.012586
1.012818
1.012893
1.014598
1.013649
1.000000
1.012451
1.012756
1.013758
1.012817
1.013690
1.013300
1.013105
1.013078
1.012925
1.013864
1.013335
1.013484
1.013520
1.013386
1.014190
1.012919
1.012070
1.013471
1.012942
1.013413
1.011872
1.013519
1.012690
1.013342
1.013869
1.012868
1.012688
1.012685
1.012990
1.012702
1.013795
1.012100
1.013305
1.012976
1.011755
1.013122
1.012366
1.010967
1.011820
1.012800
1.012185
1.012143
1.011861
1.011604
1.013047
1.012942
1.012501
1.013318
1.012193
1.012101
1.011338
1.012002
1.011769
1.012821
1.012947
1.011871
1.012664
1.013046
1.012591
1.012677
1.011789
1.012460
1.011648
1.011886
1.012372
1.011718
1.011901
1.011674
1.011714
1.012119
1.012051
1.012038
1.012823
1.011969
1.012172
1.012603
1.013506
1.012357
1.012702
1.012927
1.011992
1.012106
1.011403
1.011689
1.012846
1.012345
1.010629
1.013800
1.010920
1.011330
1.011764
1.012179
1.012610
1.013431
1.012019
1.012062
1.013103
1.011422
1.013285
1.012906
1.010265
1.012293
1.011447
1.012477
1.014055
1.011559
1.010881
1.012552
1.012388
1.011794
1.011505
1.011606
1.013384
1.011961
1.010626
1.012297
1.012036
1.008963
1.011489
1.013264
1.010317
1.012021
1.010634
1.011039
1.011008
1.011808
1.012298
1.010885
1.011600
1.011726
1.012542
1.012928
1.012367
1.012617
1.010693
1.011762
1.009761
1.012604
1.010940
1.011990
1.011430
1.011125
1.012409
1.011797
1.011080
1.010676
1.011360
1.012264
1.011305
1.011792
1.012098
1.011641
1.012124
1.011257
1.010426
1.011328
1.010964
1.011851
1.011756
1.012805
1.010431
1.011739
1.011924
1.011851
1.011408
1.012746
1.011757
1.011273
1.011601
1.011803
1.011095
1.009525
1.012010
1.011821
1.011042
1.012191
1.010468
1.011255
1.011797
1.012915
1.011777
1.011019
1.000000
1.011413
1.012850
1.011496
1.012360
1.011065
1.010881
1.010530
1.010192
1.012173
1.012071
1.011226
1.012110
1.011337
1.010864
1.011571
1.010696
1.010742
1.010214
1.011386
1.011575
1.010967
1.010289
1.011125
1.010970
1.010411
1.011167
1.009502
1.010205
1.010362
1.011754
1.009714
1.011264
1.010547
1.011442
1.010775
1.010094
1.011885
1.011761
1.010451
1.010553
1.011982
1.011941
1.010117
1.012036
1.010998
1.011335
1.011408
1.010968
1.012337
1.010817
1.011049
1.010053
1.011074
1.010245
1.010879
1.010079
1.012138
1.011582
1.010470
1.011342
1.010679
1.011219
1.009614
1.009602
1.010770
1.009040
1.010695
1.011701
1.010937
1.010994
1.009090
1.009622
1.010770
1.011064
1.009784
1.010166
1.010956
1.010852
1.009379
1.000000
1.010861
1.011173
1.010969
1.012130
1.010103
1.010918
1.009919
1.008951
1.011286
1.010606
1.011591
1.009273
1.009559
1.010527
1.009854
1.009963
1.011168
1.009515
1.011307
1.010428
1.009821
1.010434
1.011177
1.011071
1.011076
1.009861
1.009920
1.010042
1.011218
1.011132
1.011049
1.010060
1.011487
1.010982
1.012430
1.011260
1.010851
1.011085
1.010715
1.010215
1.010488
1.010111
1.009936
1.010400
1.011466
1.000000
1.010504
1.010613
1.010774
1.010647
1.009375
1.010117
1.011218
1.007478
1.010435
1.010269
1.009524
1.008626
1.010492
1.010121
1.009867
1.011275
1.009520
1.010810
1.010768
1.010913
1.010538
1.010160
1.009464
1.010586
1.011281
1.011158
1.010102
1.010409
1.011120
1.009412
1.009867
1.010028
1.009416
1.008612
1.012646
1.009271
1.010399
1.010363
1.010541
1.010436
1.010913
1.009039
1.008892
1.008864
1.010479
1.008690
1.009430
1.010482
1.008621
1.010441
1.009136
1.009006
1.009427
1.009525
1.010371
1.008972
1.010882
1.010259
1.000000
1.009643
1.009994
1.009370
1.009798
1.009848
1.010208
1.009793
1.010256
1.008594
1.010058
1.009404
1.010094
1.010428
1.010391
1.011135
1.008589
1.010539
1.010373
1.009926
1.009150
1.010967
1.010103
1.010718
1.009339
1.009351
1.010007
1.009822
1.010242
1.009680
1.009507
1.010445
1.010937
1.009833
1.009166
1.009788
1.010878
1.009994
1.006123
1.010163
1.009282
1.010449
1.009091
1.008714
1.010840
1.009592
1.010266
1.010594
1.009608
1.007531
1.007999
1.011495
1.008128
1.009689
1.010442
1.010458
1.009146
1.009714
1.009679
1.010172
1.010842
1.009504
1.008583
1.009996
1.008760
1.009478
1.010220
1.008847
1.009939
1.009045
1.008815
1.008933
1.009176
1.009751
1.009809
1.009037
1.008947
1.008752
1.008448
1.009264
1.010170
1.009317
1.010012
1.010710
1.009727
1.000000
1.011309
1.008428
1.009038
1.009324
1.009703
1.010779
1.009212
1.008278
1.010031
1.008426
1.011146
1.000000
1.009263
1.010051
1.009958
1.009829
1.010208
1.009351
1.009909
1.009928
1.009644
1.008648
1.009231
1.010280
1.008933
1.009546
1.009262
1.008576
1.009024
1.008892
1.009154
1.009442
1.007958
1.009260
1.008203
1.008378
1.009446
1.009277
1.008108
1.009329
1.008368
1.009711
1.009813
1.008316
1.008770
1.007970
1.009152
1.009273
1.010245
1.009321
1.008229
1.010038
1.009003
1.009017
1.008980
1.008497
1.008667
1.009563
1.000000
1.007775
1.008566
1.007932
1.008322
1.009907
1.008333
1.009554
1.007875
1.009519
1.009733
1.008031
1.009116
1.009950
1.008509
1.000000
1.008964
1.000000
1.008439
1.008694
1.008641
1.000000
1.008866
1.008928
1.009856
1.007833
1.000000
1.007685
1.008956
1.009594
1.009584
1.008493
1.009488
1.008412
1.000000
1.008601
1.007997
1.007817
1.009504
1.008845
1.009678
1.000000
1.008854
1.008740
1.009557
1.009162
1.009213
1.010022
1.007678
1.009676
1.008790
1.008394
1.008948
1.009067
1.007728
1.009440
1.009355
1.009509
1.008425
1.009107
1.008130
1.009370
1.008277
1.010543
1.008675
1.009024
1.007485
1.009187
1.008851
1.007804
1.009790
1.008412
1.008979
1.008324
1.007280
1.008778
1.008388
1.008510
1.008954
1.009402
1.007908
1.008388
1.009426
1.009064
1.009338
1.008713
1.009077
1.009483
1.008904
1.008398
1.009521
1.008304
1.009753
1.008031
1.009257
1.008812
1.008073
1.009095
1.008454
1.007295
1.008488
1.008297
1.009773
1.008696
1.009287
1.008894
1.009469
1.007868
1.000000
1.008893
1.009270
1.008498
1.008889
1.009009
1.008951
1.007646
1.007672
1.009479
1.008037
1.008056
1.007477
1.009713
1.009233
1.009538
1.009479
1.008642
1.009797
1.009038
1.008079
1.008294
1.008696
1.008725
1.008334
1.008109
1.010820
1.008376
1.007993
1.008554
1.007214
1.008356
1.006719
1.008100
1.009231
1.008245
1.007773
1.007272
1.009065
1.007968
1.007521
1.009363
1.009044
1.008202
1.008062
1.007706
1.008540
1.008441
1.008982
1.009122
1.007838
1.008984
1.008131
1.008612
1.007274
1.008858
1.009043
1.009569
1.008419
1.008580
1.008858
1.008380
1.008305
1.008008
1.008570
1.009411
1.008070
1.007663
1.006712
1.007362
1.009347
1.008357
1.009589
1.007367
1.008523
1.008825
1.008528
1.008083
1.007681
1.008082
1.007487
1.006053
1.007912
1.008780
1.008485
1.008018
1.008564
1.008613
1.007335
1.007151
1.008835
1.007878
1.007657
1.008778
1.000000
1.007954
1.008871
1.008875
1.008868
1.007397
1.006926
1.007742
1.008876
1.007710
1.007616
1.007940
1.007454
1.000000
1.007519
1.007337
1.008675
1.008709
1.008183
1.007539
1.007406
1.008807
1.008179
1.007236
1.008622
1.007031
1.007536
1.006699
1.007169
1.008087
1.008162
1.008944
1.007429
1.007539
1.008555
1.007898
1.008336
1.007289
1.008960
1.009620
1.008519
1.007429
1.008179
1.007310
1.006628
1.008588
1.008318
1.008134
1.007794
1.007324
1.008189
1.008273
1.007050
1.007873
1.007815
1.000000
1.008149
1.007364
1.007105
1.008196
1.000000
1.007392
1.007899
1.006812
1.006821
1.009000
1.007827
1.007830
1.008059
1.008020
1.006971
1.007287
1.007479
1.007576
1.008091
1.006803
1.007725
1.007078
1.007430
1.007052
1.007812
1.007458
1.009285
1.006985
1.009190
1.006569
1.007356
1.008454
1.008602
1.006454
1.008240
1.000000
1.009033
1.007654
1.007115
1.007870
1.008413
1.008182
1.007355
1.008772
1.007095
1.007225
1.007608
1.009050
1.008017
1.000000
1.007345
1.006613
1.008998
1.008267
1.008434
1.007444
1.006226
1.007435
1.009004
1.006431
1.006793
1.007716
1.008245
1.007435
1.007983
1.008736
1.000000
1.007205
1.008875
1.008507
1.007085
1.007231
