64.792969
33.080963
22.247698
17.139179
13.757039
11.877560
9.814895
8.734468
7.821995
6.884348
6.378489
6.022881
5.497463
5.061131
4.879365
4.611760
4.332272
4.079739
4.052327
3.782112
3.662702
3.463706
3.376289
3.248541
3.092899
3.081291
2.988333
2.866806
2.778244
2.703279
2.661789
2.589259
2.567900
2.516201
2.440347
2.338640
2.347543
2.315175
2.273403
2.243256
2.238750
2.162604
2.118722
2.107947
2.075337
2.048273
2.020903
1.984271
1.943908
1.924606
1.894340
1.880980
1.862877
1.856000
1.834535
1.810942
1.803421
1.804111
1.771928
1.750718
1.747656
1.734516
1.717437
1.698188
1.689047
1.663164
1.660776
1.636795
1.632811
1.625389
1.619760
1.600558
1.579695
1.577679
1.568908
1.561650
1.560743
1.556813
1.537275
1.527831
1.523971
1.519455
1.497472
1.489724
1.487617
1.489848
1.480696
1.475418
1.471556
1.464922
1.464591
1.462376
1.453616
1.449584
1.432413
1.427292
1.421056
1.412572
1.407883
1.415146
1.398671
1.393540
1.384949
1.385794
1.383604
1.366398
1.373576
1.371149
1.365436
1.366748
1.364262
1.351021
1.352185
1.351555
1.356853
1.330474
1.335781
1.338337
1.337995
1.327448
1.325343
1.330072
1.320495
1.325651
1.325663
1.311074
1.300206
1.307351
1.306845
1.296278
1.295047
1.285545
1.300205
1.296818
1.287732
1.281562
1.284810
1.275995
1.279505
1.275957
1.271392
1.273569
1.270094
1.266369
1.260762
1.256410
1.263161
1.264251
1.255621
1.251053
1.251068
1.240559
1.240722
1.243577
1.246721
1.241073
1.237642
1.238957
1.238894
1.237039
1.228823
1.230911
1.233001
1.222024
1.230504
1.221387
1.224727
1.220684
1.222732
1.212914
1.218616
1.220205
1.223833
1.214345
1.215058
1.208559
1.210414
1.207613
1.196206
1.207301
1.198860
1.201637
1.198349
1.203073
1.202133
1.197998
1.195901
1.200399
1.193112
1.191756
1.200910
1.188287
1.193292
1.186514
1.186816
1.183133
1.187795
1.187773
1.181673
1.180226
1.180141
1.178244
1.180225
1.178711
1.172437
1.181726
1.176290
1.170752
1.168165
1.175058
1.172025
1.172051
1.169642
1.167106
1.170174
1.176378
1.162483
1.165277
1.163047
1.167270
1.166382
1.158353
1.159843
1.167092
1.163180
1.161366
1.159162
1.153941
1.156593
1.155762
1.151991
1.154430
1.153490
1.153150
1.152254
1.157978
1.151683
1.147910
1.150754
1.144931
1.139237
1.150663
1.138822
1.147177
1.148053
1.143632
1.143413
1.145215
1.148731
1.147884
1.138995
1.144093
1.147609
1.137386
1.137268
1.137474
1.138624
1.136762
1.134785
1.131502
1.135250
1.131005
1.136396
1.130909
1.134160
1.140415
1.132008
1.131946
1.137301
1.135780
1.138851
1.137567
1.127032
1.126398
1.126776
1.126268
1.126469
1.124764
1.126149
1.128591
1.126912
1.125772
1.126556
1.126885
1.122929
1.125440
1.123512
1.122648
1.114930
1.120218
1.123251
1.121199
1.114058
1.122800
1.117653
1.121150
1.113078
1.111203
1.118240
1.119094
1.112149
1.112239
1.114031
1.113746
1.109338
1.112899
1.111730
1.112856
1.114519
1.116444
1.111024
1.118588
1.110886
1.110333
1.113724
1.112582
1.109655
1.108962
1.108866
1.111669
1.104941
1.111204
1.108971
1.110402
1.104580
1.107114
1.107389
1.105254
1.105994
1.102680
1.100602
1.104630
1.107194
1.101345
1.103604
1.102214
1.103501
1.102250
1.098698
1.101384
1.094345
1.098244
1.100658
1.100650
1.097994
1.099162
1.100248
1.098489
1.094828
1.102219
1.101531
1.100998
1.096382
1.094993
1.097793
1.107358
1.097117
1.101613
1.094459
1.096309
1.093711
1.094735
1.093585
1.095386
1.097752
1.095545
1.089936
1.089984
1.098320
1.094350
1.092047
1.091080
1.095547
1.090752
1.097614
1.088936
1.091316
1.089519
1.090668
1.091174
1.088613
1.087574
1.094636
1.088172
1.089875
1.087747
1.089409
1.092414
1.087629
1.089476
1.087636
1.083292
1.091133
1.088273
1.089370
1.085624
1.087259
1.087065
1.089031
1.084429
1.084094
1.087600
1.084299
1.086364
1.083569
1.083904
1.080350
1.084301
1.082551
1.088449
1.082607
1.084400
1.076166
1.083936
1.083502
1.084989
1.082387
1.075237
1.078793
1.086508
1.081429
1.082720
1.080474
1.076030
1.077571
1.086711
1.079444
1.076109
1.075957
1.074429
1.085331
1.081937
1.075500
1.073490
1.080644
1.076136
1.075441
1.076519
1.078571
1.076169
1.075763
1.075481
1.075892
1.071559
1.076227
1.075857
1.079786
1.072719
1.071274
1.074849
1.071460
1.072925
1.077304
1.073016
1.072678
1.074824
1.076018
1.077228
1.077270
1.076276
1.075272
1.071460
1.076877
1.075692
1.076758
1.069660
1.077648
1.071381
1.073343
1.075600
1.077127
1.067289
1.075412
1.069107
1.071353
1.070101
1.072655
1.070539
1.071561
1.071085
1.073704
1.073846
1.071150
1.064959
1.069723
1.073585
1.074456
1.073830
1.068238
1.067944
1.066885
1.067601
1.067524
1.070543
1.067031
1.066410
1.065384
1.074295
1.065622
1.063754
1.066297
1.069838
1.069981
1.064401
1.062898
1.068509
1.065384
1.060469
1.069042
1.066787
1.064431
1.062392
1.061987
1.061394
1.064963
1.064662
1.063329
1.068697
1.061285
1.063692
1.066348
1.063303
1.068137
1.062761
1.063762
1.068716
1.067389
1.065772
1.063897
1.065565
1.058700
1.060114
1.063921
1.064950
1.063024
1.062869
1.060763
1.061062
1.064898
1.062106
1.058564
1.060030
1.064460
1.058172
1.058483
1.063889
1.066157
1.061538
1.062030
1.061741
1.061655
1.058443
1.064323
1.060635
1.060980
1.060897
1.056799
1.059949
1.062271
1.058998
1.060235
1.060094
1.062790
1.055923
1.060917
1.056463
1.056047
1.063606
1.058193
1.054895
1.057322
1.061356
1.057257
1.059230
1.059416
1.060122
1.055576
1.054521
1.059127
1.057789
1.055580
1.062585
1.058481
1.057800
1.054121
1.059552
1.057353
1.058399
1.055136
1.054262
1.054994
1.055010
1.058875
1.055768
1.054387
1.058443
1.055676
1.062101
1.058307
1.055113
1.053492
1.055323
1.051635
1.057350
1.053417
1.059572
1.054665
1.052803
1.054886
1.049965
1.053718
1.055420
1.056497
1.056674
1.054691
1.051952
1.054518
1.052241
1.053073
1.054485
1.051177
1.054941
1.053414
1.052876
1.052138
1.052010
1.049287
1.055482
1.054295
1.051176
1.054513
1.051596
1.054819
1.056776
1.049613
1.054645
1.052535
1.053225
1.056455
1.053031
1.051376
1.052703
1.054805
1.056855
1.048428
1.053030
1.048515
1.050355
1.049878
1.050823
1.050861
1.051256
1.049108
1.054165
1.047695
1.049993
1.052793
1.049968
1.053299
1.048297
1.049454
1.048645
1.046352
1.049114
1.049251
1.050579
1.048436
1.052427
1.049302
1.049954
1.050093
1.047948
1.053177
1.052154
1.046171
1.048282
1.051327
1.051499
1.045353
1.051689
1.047877
1.049708
1.050251
1.047897
1.050242
1.051409
1.045978
1.050780
1.047200
1.046222
1.052689
1.046376
1.047053
1.050102
1.049397
1.046468
1.047142
1.045546
1.046796
1.045723
1.048590
1.050400
1.043793
1.050292
1.048246
1.048739
1.049274
1.048220
1.048397
1.048483
1.046151
1.045249
1.048168
1.047813
1.046621
1.049279
1.048738
1.047269
1.047712
1.045803
1.043728
1.045348
1.048759
1.044180
1.046579
1.050043
1.046429
1.047160
1.049842
1.048085
1.047342
1.046136
1.042262
1.044239
1.045145
1.046694
1.046197
1.043446
1.045476
1.045350
1.042048
1.044629
1.046931
1.046531
1.042619
1.046414
1.048591
1.040141
1.042518
1.041622
1.044378
1.042848
1.040542
1.040800
1.045259
1.043311
1.045468
1.046571
1.042302
1.045787
1.047855
1.044411
1.040776
1.042301
1.042069
1.043233
1.045527
1.048135
1.044211
1.044338
1.039522
1.043734
1.044682
1.041550
1.042525
1.043777
1.040772
1.039504
1.040619
1.042072
1.044704
1.045047
1.040047
1.045401
1.042048
1.045537
1.046076
1.042487
1.043768
1.037677
1.042777
1.043215
1.041446
1.038740
1.043130
1.043317
1.041057
1.042519
1.038819
1.040925
1.040412
1.041080
1.039062
1.040570
1.040364
1.041360
1.040384
1.038493
1.044783
1.041396
1.042616
1.045263
1.040957
1.041567
1.039622
1.040743
1.042759
1.037525
1.038402
1.039563
1.045116
1.039767
1.041903
1.037828
1.039754
1.039426
1.041167
1.038630
1.039475
1.040638
1.041068
1.038560
1.037103
1.044575
1.037026
1.038526
1.040385
1.034583
1.039386
1.036896
1.037380
1.039598
1.038747
1.040215
1.041347
1.037404
1.038028
1.038918
1.039545
1.036565
1.038992
1.038691
1.036757
1.039015
1.038229
1.039663
1.041338
1.037758
1.036610
1.037743
1.037318
1.037803
1.037915
1.037031
1.039145
1.035517
1.039014
1.036878
1.036700
1.038119
1.033622
1.039153
1.036628
1.040225
1.039922
1.042028
1.033988
1.035887
1.036151
1.035724
1.032993
1.039648
1.038646
1.041105
1.039287
1.036134
1.033476
1.034169
1.037190
1.036888
1.035566
1.037981
1.039675
1.032318
1.037624
1.035465
1.038679
1.035780
1.039294
1.037711
1.033882
1.035811
1.034207
1.032744
1.034837
1.036040
1.035844
1.039554
1.031833
1.036977
1.036624
1.036503
1.036838
1.036329
1.037534
1.037199
1.038742
1.035367
1.036337
1.035136
1.034234
1.036612
1.036972
1.037747
1.034208
1.034746
1.035667
1.037755
1.036072
1.037177
1.039786
1.033050
1.035178
1.032249
1.030593
1.034211
1.034562
1.029817
1.035243
1.036057
1.033478
1.034706
1.033335
1.038503
1.035786
1.034071
1.036502
1.036215
1.038007
1.032402
1.034206
1.035244
1.033207
1.032820
1.036926
1.031217
1.036838
1.032166
1.034226
1.035123
1.036965
1.035781
1.033820
1.035357
1.034760
1.034755
1.033306
1.037260
1.033682
1.034058
1.032066
1.035108
1.030761
1.030938
1.035602
1.034563
1.031294
1.033673
1.034407
1.034860
1.032475
1.031014
1.036834
1.031332
1.034082
1.033227
1.037121
1.034870
1.031562
1.033908
1.030444
1.032817
1.035315
1.033381
1.031515
1.032873
1.034222
1.029747
1.032080
1.030752
1.028365
1.036971
1.032611
1.032901
1.029832
1.034212
1.030869
1.031093
1.031536
1.027689
1.037722
1.031230
1.030520
1.031496
1.029561
1.033162
1.034072
1.030394
1.032389
1.033075
1.034074
1.033718
1.029505
1.030643
1.034155
1.031758
1.035042
1.033296
1.033318
1.034842
1.032961
1.030760
1.034824
1.028293
1.032018
1.031889
1.030320
1.030827
1.032144
1.032530
1.027178
1.034333
1.029843
1.031931
1.030552
1.030814
1.030038
1.032188
1.026610
1.032812
1.030749
1.033689
1.031595
1.034081
1.029079
1.029362
1.029497
1.031143
1.034648
1.030993
1.028002
1.029821
1.027121
1.034164
1.031112
1.028613
1.032475
1.030387
1.030194
1.029783
1.028823
1.030485
1.031871
1.030758
1.030569
1.029654
1.032704
1.031187
1.029969
1.029162
1.031047
1.029024
1.034592
1.032796
1.030641
1.031449
1.027568
1.027964
1.030833
1.029446
1.031513
1.029953
1.026524
1.029924
1.032357
1.029913
1.029964
1.028075
1.028900
1.028898
1.032377
1.033443
1.029029
1.029689
1.030823
1.028467
1.028961
1.032265
1.030614
1.028235
1.030652
1.028468
1.030130
1.029410
1.026129
1.030428
1.026147
1.021602
1.027926
1.028922
1.030182
1.028897
1.032643
1.029992
1.030805
1.032506
1.023750
1.028601
1.028066
1.026822
1.032248
1.025927
1.028436
1.027314
1.030182
1.025966
1.027788
1.030239
1.030103
1.028347
1.028115
1.027294
1.025814
1.026777
1.025898
1.026803
1.031664
1.029840
1.032994
1.028533
1.026170
1.030467
1.026923
1.031799
1.031735
1.031407
1.030519
1.030494
1.024703
1.023731
1.028388
1.028071
1.028599
1.031088
1.030000
1.028685
1.027057
1.026654
1.027343
1.028017
1.027732
1.030301
1.029934
1.030593
1.027018
1.027236
1.025760
1.027001
1.028685
1.026291
1.029692
1.024144
1.026359
1.028648
1.027374
1.027138
1.026902
1.029879
1.030214
1.027486
1.024448
1.028410
1.029191
1.026452
1.029301
1.026820
1.026601
1.026432
1.027015
1.028264
1.025350
1.026553
1.024990
1.029435
1.025268
1.026995
1.027213
1.029746
1.026785
1.028197
1.027279
1.029108
1.025000
1.026581
1.028420
1.030561
1.027536
1.027718
1.022478
1.022548
1.026104
1.026615
1.026150
1.029388
1.028160
1.024172
1.027581
1.028227
1.025548
1.027488
1.024376
1.022459
1.022426
1.022265
1.025526
1.025916
1.026091
1.027393
1.026958
1.025410
1.027681
1.026569
1.027395
1.024350
1.023047
1.021072
1.025664
1.027208
1.026353
1.025349
1.024575
1.022937
1.023232
1.024867
1.027478
1.026412
1.023679
1.023390
1.026252
1.025789
1.024136
1.026940
1.026727
1.023795
1.024882
1.027432
1.021528
1.027497
1.023894
1.026207
1.023279
1.025155
1.029814
1.025030
1.026235
1.028115
1.026636
1.025322
1.025816
1.022350
1.025775
1.024364
1.027604
1.026624
1.024106
1.026541
1.027178
1.023057
1.025614
1.025148
1.024952
1.023216
1.026234
1.024165
1.026677
1.027043
1.024781
1.027141
1.026012
1.025408
1.026191
1.022607
1.025279
1.023482
1.021262
1.024161
1.021349
1.024471
1.025083
1.023096
1.023994
1.027921
1.024874
1.024080
1.024983
1.022358
1.024147
1.026791
1.024737
1.026614
1.024743
1.024759
1.022843
1.024721
1.024970
1.024941
1.021860
1.025342
1.024947
1.027879
1.023270
1.023953
1.022926
1.023994
1.026921
1.027852
1.024326
1.023259
1.026169
1.024575
1.024307
1.022981
1.025749
1.023857
1.024086
1.023478
1.023926
1.023804
1.023626
1.023338
1.027539
1.024215
1.022099
1.023263
1.024489
1.025265
1.023105
1.023511
1.020192
1.021985
1.021932
1.022867
1.026249
1.023945
1.025381
1.022934
1.026340
1.025184
1.025797
1.021043
1.025232
1.023113
1.023043
1.021679
1.021865
1.020666
1.025233
1.023372
1.022660
1.020718
1.024588
1.024349
1.023986
1.021846
1.019507
1.024118
1.023893
1.020285
1.025176
1.024703
1.023675
1.024893
1.023617
1.022729
1.024234
1.022507
1.025519
1.023971
1.026514
1.021177
1.023754
1.025870
1.022816
1.022250
1.022769
1.023730
1.021354
1.023136
1.023838
1.022609
1.021997
1.022891
1.025485
1.023686
1.022214
1.024608
1.021383
1.023347
1.020429
1.026127
1.022773
1.022185
1.021768
1.022849
1.023399
1.023082
1.023802
1.021784
1.021547
1.020854
1.020488
1.025363
1.022736
1.024290
1.022658
1.022982
1.023164
1.024664
1.022055
1.024645
1.019369
1.022361
1.022464
1.022297
1.022417
1.019614
1.024047
1.023205
1.020535
1.025079
1.023184
1.018962
1.021023
1.019342
1.023698
1.022226
1.021804
1.022310
1.019423
1.019652
1.023330
1.022312
1.024040
1.022601
1.025969
1.023531
1.025621
1.022654
1.021877
1.022221
1.020832
1.019788
1.021877
1.024666
1.018738
1.023865
1.021254
1.020931
1.022490
1.022682
1.019592
1.021124
1.022069
1.023661
1.021510
1.023892
1.024269
1.021058
1.020978
1.021149
1.017719
1.020979
1.021781
1.021162
1.023603
1.019652
1.022374
1.020477
1.023098
1.019674
1.020334
1.021784
1.021565
1.024478
1.020240
1.021319
1.021272
1.020038
1.020726
1.023472
1.019836
1.023493
1.023236
1.022848
1.023437
1.021837
1.019516
1.022005
1.022096
1.023573
1.024385
1.020525
1.021580
1.020919
1.020374
1.016549
1.020194
1.021452
1.022747
1.018247
1.020789
1.022853
1.022718
1.018847
1.021281
1.015697
1.021399
1.019932
1.019522
1.023094
1.021814
1.022349
1.019848
1.020511
1.020803
1.020639
1.021549
1.020555
1.020470
1.022101
1.021302
1.020926
1.018897
1.020120
1.022070
1.017698
1.021772
1.018588
1.022883
1.020845
1.023465
1.020555
1.024872
1.020913
1.020065
1.021081
1.022142
1.020099
1.020763
1.020347
1.020817
1.020330
1.020783
1.023054
1.021352
1.020572
1.021550
1.019543
1.019704
1.024461
1.022095
1.021779
1.024472
1.018439
1.020714
1.023505
1.017006
1.019617
1.018990
1.015559
1.018918
1.020871
1.020814
1.020509
1.019450
1.021249
1.022198
1.022930
1.020586
1.019134
1.018345
1.020843
1.020624
1.018343
1.018912
1.024307
1.021082
1.019652
1.020274
1.018836
1.020186
1.021822
1.021815
1.022736
1.016530
1.018401
1.019654
1.018789
1.019153
1.017416
1.020094
1.018847
1.019582
1.019130
1.015709
1.018328
1.017117
1.018901
1.016170
1.018613
1.019004
1.017420
1.019543
1.021344
1.017741
1.019865
1.017491
1.020394
1.019781
1.020500
1.016180
1.018702
1.019113
1.020018
1.021868
1.021071
1.020568
1.017821
1.017689
1.019403
1.020188
1.021048
1.021204
1.019352
1.020815
1.022942
1.020757
1.021411
1.021050
1.019720
1.020155
1.018975
1.019110
1.020189
1.017902
1.018772
1.019187
1.016786
1.020167
1.023669
1.019200
1.018181
1.018689
1.020870
1.018263
1.018918
1.019942
1.019529
1.020442
1.021247
1.019252
1.020322
1.020120
1.016870
1.018386
1.019159
1.019613
1.017639
1.020485
1.018072
1.020445
1.019346
1.018269
1.020341
1.019125
1.019400
1.017281
1.020744
1.017453
1.021079
1.019581
1.018032
1.019239
1.019092
1.020359
1.017289
1.017397
1.020574
1.019760
1.022314
1.021548
1.019878
1.018934
1.019364
1.019318
1.020455
1.017610
1.018236
1.019939
1.017471
1.020946
1.013597
1.018084
1.019477
1.019455
1.020386
1.022275
1.017191
1.019997
1.018829
1.019005
1.019149
1.020114
1.021939
1.017047
1.017966
1.020115
1.016259
1.018522
1.019579
1.018289
1.017552
1.019112
1.019195
1.020890
1.019661
1.020273
1.017948
1.020740
1.015065
1.020431
1.019510
1.019983
1.018854
1.019470
1.018473
1.019992
1.017795
1.019906
1.018805
1.018488
1.019718
1.017512
1.019997
1.020543
1.019592
1.017221
1.019093
1.019174
1.015584
1.020004
1.017038
1.020356
1.020342
1.020225
1.017661
1.015864
1.016352
1.019345
1.018571
1.020129
1.020436
1.020202
1.016492
1.019356
1.017909
1.018798
1.017590
1.019397
1.018517
1.017296
1.017997
1.021919
1.020169
1.018800
1.016522
1.014755
1.017535
1.018798
1.018398
1.017355
1.018645
1.018530
1.018108
1.016731
1.018231
1.019168
1.017629
1.016134
1.019944
1.018612
1.017636
1.017986
1.017503
1.014272
1.015379
1.016753
1.017987
1.019020
1.019362
1.017760
1.018195
1.021721
1.016983
1.018344
1.018612
1.014865
1.018163
1.015189
1.016151
1.019579
1.015072
1.015855
1.018292
1.018034
1.017398
1.016161
1.017480
1.015449
1.014916
1.018599
1.016983
1.016795
1.017535
1.017637
1.017731
1.017753
1.017325
1.018350
1.014226
1.016051
1.019411
1.017017
1.015617
1.018226
1.018549
1.016859
1.017664
1.019925
1.018577
1.015499
1.017068
1.019731
1.015709
1.017040
1.018684
1.014149
1.016210
1.018263
1.016541
1.018852
1.014962
1.014581
1.016187
1.016396
1.018700
1.015330
1.020218
1.017349
1.015583
1.016053
1.016329
1.015556
1.012776
1.018177
1.017797
1.016981
1.017931
1.017043
1.015570
1.017390
1.017038
1.018866
1.016942
1.018583
1.017540
1.021862
1.018560
1.015439
1.016894
1.016757
1.015690
1.018105
1.016574
1.015568
1.016199
1.015237
1.015692
1.016506
1.016503
1.019361
1.018550
1.018527
1.015867
1.018164
1.016092
1.017181
1.016218
1.015878
1.014789
1.017293
1.017892
1.018296
1.017686
1.017222
1.015687
1.018026
1.017050
1.018115
1.016187
1.018479
1.019617
1.015883
1.014469
1.016095
1.013647
1.017038
1.016808
1.017189
1.014169
1.018323
1.017437
1.017322
1.017460
1.014938
1.016524
1.015520
1.014378
1.013930
1.017389
1.016778
1.014519
1.016842
1.016828
1.016257
1.016868
1.013105
1.018844
1.015525
1.015850
1.016224
1.013476
1.017807
1.016062
1.014850
1.015152
1.015879
1.013794
1.015444
1.015485
1.016254
1.017739
1.016380
1.019095
1.016404
1.014064
1.014507
1.016051
1.012917
1.018833
1.020269
1.017072
1.014809
1.014918
1.014123
1.013989
1.016262
1.018810
1.016544
1.016516
1.016983
1.015551
1.019801
1.014995
1.018266
1.016927
1.016640
1.017993
1.013749
1.014071
1.018068
1.015327
1.015889
1.016912
1.014669
1.015054
1.016943
1.012714
1.014818
1.015196
1.016295
1.016551
1.015158
1.018167
1.013761
1.018502
1.015149
1.017584
1.016383
1.015023
1.016282
1.016892
1.017106
1.014720
1.015417
1.016070
1.016873
1.016214
1.017301
1.015283
1.018515
1.015981
1.016398
1.014189
1.014332
1.008828
1.013528
1.016401
1.011102
1.016063
1.015016
1.018192
1.014206
1.013017
1.016721
1.017189
1.019368
1.015411
