64.100060
32.452714
21.940111
16.479811
13.305987
11.201535
9.586392
8.450828
7.709637
6.901359
6.330433
5.867126
5.422997
5.073362
4.822665
4.517742
4.296021
4.091149
3.929711
3.763522
3.594986
3.469674
3.358469
3.246857
3.118411
3.032619
2.941766
2.858506
2.808871
2.726598
2.658171
2.595922
2.548165
2.471237
2.425644
2.394634
2.338378
2.303266
2.271751
2.228383
2.194086
2.153190
2.124329
2.091266
2.067695
2.038408
2.006910
1.987744
1.963710
1.937702
1.920596
1.890689
1.873835
1.852434
1.839173
1.827602
1.803214
1.776844
1.765864
1.748977
1.739042
1.732892
1.707034
1.690671
1.687225
1.672476
1.655228
1.645594
1.628625
1.624508
1.615258
1.603327
1.590480
1.580454
1.571383
1.564850
1.560327
1.548181
1.539762
1.526907
1.525224
1.517156
1.511272
1.498445
1.498228
1.486006
1.481227
1.477160
1.470542
1.462842
1.460227
1.453387
1.445365
1.438180
1.433808
1.427971
1.420692
1.418074
1.411280
1.403280
1.401646
1.397844
1.394910
1.391323
1.387489
1.381199
1.374223
1.372392
1.369739
1.363101
1.358317
1.353054
1.350389
1.346255
1.341343
1.343256
1.338885
1.332730
1.332420
1.326568
1.322176
1.321773
1.316258
1.316162
1.309689
1.308404
1.309424
1.302873
1.301684
1.294892
1.296180
1.292466
1.291770
1.290290
1.283225
1.279608
1.284372
1.280641
1.277577
1.271254
1.271375
1.269666
1.267566
1.265208
1.262981
1.259377
1.258896
1.258009
1.254285
1.250234
1.251549
1.250630
1.247940
1.249100
1.244300
1.241240
1.242584
1.239665
1.238298
1.233841
1.234570
1.229078
1.230944
1.226593
1.224411
1.222556
1.221407
1.221179
1.220903
1.221307
1.215719
1.218282
1.212649
1.215651
1.211967
1.212579
1.208549
1.207040
1.203178
1.204831
1.203512
1.200283
1.204410
1.200212
1.198383
1.200259
1.196374
1.194160
1.195151
1.192534
1.191440
1.189540
1.189911
1.189004
1.185784
1.186829
1.183188
1.184519
1.183361
1.179742
1.181381
1.178452
1.178691
1.177793
1.179912
1.176129
1.173027
1.175766
1.173015
1.172035
1.172417
1.170117
1.171216
1.171174
1.168777
1.168254
1.164276
1.166520
1.163161
1.167598
1.161613
1.162741
1.162301
1.161447
1.159392
1.159986
1.158298
1.158014
1.159785
1.157354
1.154793
1.152535
1.153899
1.155370
1.149507
1.150745
1.149411
1.148611
1.148387
1.149639
1.149027
1.148326
1.145746
1.145310
1.147099
1.143266
1.143534
1.145277
1.142889
1.140703
1.143774
1.142205
1.138012
1.140857
1.138320
1.138036
1.139149
1.137998
1.135357
1.133761
1.135070
1.134091
1.133733
1.132470
1.130325
1.130984
1.131268
1.130673
1.131796
1.128783
1.127484
1.129532
1.128854
1.128501
1.129101
1.126447
1.126295
1.126654
1.126349
1.125481
1.124091
1.124073
1.123360
1.122122
1.123899
1.121502
1.121279
1.119942
1.120599
1.119477
1.119837
1.119674
1.118172
1.118200
1.118930
1.116623
1.117409
1.116969
1.116644
1.116999
1.115051
1.115464
1.113780
1.114820
1.114636
1.113029
1.113449
1.111968
1.110684
1.110891
1.112446
1.111211
1.111741
1.111094
1.111582
1.109022
1.107837
1.109618
1.108728
1.107923
1.108348
1.105942
1.106387
1.108005
1.107349
1.107031
1.103928
1.104907
1.104443
1.104328
1.105260
1.103695
1.102715
1.103992
1.102936
1.102479
1.101478
1.104140
1.100422
1.101223
1.100156
1.101862
1.098920
1.099728
1.098662
1.098662
1.098498
1.098129
1.101193
1.099381
1.098037
1.099989
1.097941
1.097396
1.096189
1.094597
1.095527
1.096104
1.094717
1.094095
1.092771
1.096179
1.094345
1.094008
1.094818
1.092680
1.092587
1.091102
1.093302
1.092338
1.092614
1.093335
1.091293
1.091887
1.092276
1.092184
1.089203
1.091346
1.088635
1.090903
1.089521
1.088575
1.089534
1.088671
1.090324
1.088622
1.089818
1.087993
1.086591
1.088693
1.085078
1.087329
1.086547
1.086155
1.086433
1.086368
1.085614
1.084978
1.087017
1.084265
1.085017
1.084604
1.085117
1.085142
1.083467
1.084191
1.083798
1.083758
1.081713
1.080381
1.083342
1.082673
1.083824
1.083041
1.082699
1.081049
1.082203
1.081461
1.081106
1.080396
1.080865
1.079564
1.078586
1.079605
1.078954
1.079173
1.078887
1.077795
1.078690
1.078777
1.077676
1.076233
1.078136
1.078064
1.078484
1.077198
1.077984
1.078185
1.076919
1.077711
1.075480
1.076436
1.077401
1.075743
1.077576
1.075672
1.077718
1.075683
1.074801
1.075014
1.074371
1.074860
1.072167
1.072434
1.073898
1.074705
1.073829
1.072308
1.074450
1.073335
1.073614
1.075071
1.073158
1.072700
1.072577
1.074176
1.073420
1.071940
1.070971
1.072914
1.071579
1.070107
1.069309
1.071415
1.071071
1.070342
1.070781
1.069766
1.071359
1.068520
1.070025
1.071186
1.068484
1.068176
1.070416
1.069255
1.070895
1.068324
1.068961
1.068635
1.068331
1.067201
1.066690
1.066465
1.067854
1.068468
1.067569
1.068333
1.066043
1.067069
1.066429
1.065379
1.065831
1.068271
1.067093
1.067212
1.065215
1.065661
1.066106
1.065952
1.064213
1.065142
1.065866
1.065659
1.064898
1.066551
1.065133
1.064301
1.064219
1.064325
1.062906
1.063347
1.062973
1.064802
1.063238
1.062606
1.063153
1.062666
1.062817
1.063321
1.063175
1.062539
1.063085
1.063549
1.061895
1.061801
1.061954
1.062927
1.061877
1.061665
1.062396
1.063125
1.063111
1.061713
1.062661
1.060498
1.061242
1.061631
1.060721
1.060866
1.060620
1.060944
1.061461
1.060891
1.060237
1.060675
1.059306
1.060525
1.058202
1.059115
1.058941
1.059125
1.059437
1.057806
1.058219
1.058768
1.060545
1.059771
1.058722
1.057932
1.059101
1.060221
1.059347
1.058506
1.057720
1.058026
1.058051
1.057046
1.057491
1.057581
1.058004
1.057021
1.055995
1.056215
1.056400
1.056942
1.055731
1.056627
1.057020
1.057933
1.056409
1.057248
1.056527
1.055155
1.057095
1.055722
1.055501
1.055712
1.055836
1.054618
1.056270
1.056117
1.055813
1.056728
1.054216
1.054786
1.054017
1.055189
1.055015
1.054496
1.054628
1.053004
1.053638
1.053940
1.053597
1.054412
1.053699
1.052010
1.053726
1.053238
1.053786
1.053226
1.051957
1.053579
1.054363
1.053191
1.052425
1.052955
1.052758
1.053980
1.054057
1.054294
1.052038
1.052674
1.051733
1.051559
1.051072
1.052162
1.051008
1.052755
1.051865
1.052427
1.051012
1.050442
1.051572
1.051699
1.050040
1.050514
1.052468
1.051499
1.050887
1.050803
1.049368
1.050815
1.050664
1.050588
1.049847
1.051732
1.049691
1.050144
1.050891
1.047594
1.049274
1.049648
1.049399
1.049700
1.049150
1.049891
1.047255
1.048836
1.047579
1.050688
1.048201
1.049322
1.048763
1.047372
1.049113
1.048776
1.048574
1.048832
1.048161
1.049351
1.047777
1.049986
1.047552
1.046169
1.047743
1.047987
1.047806
1.048371
1.047166
1.048348
1.048046
1.046377
1.046745
1.048249
1.047864
1.047571
1.047234
1.046474
1.046983
1.047424
1.047166
1.048105
1.046469
1.046626
1.047604
1.046421
1.046689
1.045662
1.046915
1.047207
1.046614
1.045387
1.046829
1.045330
1.044794
1.045303
1.044692
1.045790
1.044857
1.045622
1.045943
1.045041
1.045061
1.045033
1.043391
1.044350
1.045925
1.045769
1.044463
1.044794
1.045797
1.045923
1.043108
1.044361
1.045921
1.045873
1.044205
1.044766
1.045078
1.044513
1.044354
1.043459
1.043690
1.044977
1.044863
1.042830
1.045049
1.043267
1.043803
1.043816
1.042744
1.041312
1.043794
1.043158
1.043809
1.043992
1.042590
1.043620
1.043079
1.045228
1.043188
1.042905
1.041683
1.042085
1.041446
1.044027
1.044105
1.043087
1.042909
1.042080
1.042842
1.041170
1.042644
1.041909
1.043218
1.042950
1.042567
1.041941
1.042707
1.041349
1.040306
1.042677
1.041117
1.042780
1.042584
1.042914
1.040391
1.042681
1.041820
1.040399
1.040132
1.042274
1.042041
1.041953
1.041831
1.040551
1.040689
1.040290
1.040228
1.041807
1.042406
1.040453
1.040960
1.040815
1.040578
1.039865
1.041046
1.041838
1.040190
1.040750
1.040799
1.040991
1.041170
1.039522
1.040252
1.039215
1.039945
1.040024
1.041922
1.040044
1.038526
1.039184
1.041396
1.040445
1.039640
1.039085
1.038615
1.038429
1.039588
1.039330
1.040279
1.038162
1.038475
1.040751
1.038634
1.038201
1.039883
1.039390
1.037643
1.038172
1.037749
1.039010
1.038885
1.037557
1.038926
1.038386
1.036600
1.039296
1.037934
1.039359
1.038223
1.038197
1.037766
1.037946
1.037625
1.037695
1.036626
1.038227
1.037452
1.038509
1.037469
1.037657
1.037571
1.037536
1.037836
1.037910
1.038596
1.036471
1.037513
1.038449
1.038165
1.037429
1.037011
1.036338
1.037891
1.036539
1.037473
1.037928
1.038693
1.038215
1.037534
1.037137
1.037046
1.037284
1.034674
1.036396
1.035568
1.037066
1.036752
1.035763
1.036792
1.035835
1.036791
1.036514
1.036302
1.035426
1.036169
1.037048
1.035450
1.036686
1.036093
1.034748
1.035878
1.036864
1.034774
1.037012
1.036325
1.036973
1.035353
1.035086
1.036639
1.036456
1.035744
1.035883
1.036237
1.037824
1.036193
1.034922
1.034796
1.035222
1.036090
1.034716
1.035247
1.034109
1.034811
1.036408
1.034355
1.034745
1.035574
1.035094
1.034485
1.036412
1.035047
1.034281
1.034068
1.035511
1.035542
1.035232
1.034532
1.034417
1.033829
1.034640
1.033754
1.034803
1.033882
1.035458
1.033248
1.034233
1.034609
1.035529
1.034979
1.034202
1.034514
1.033546
1.034342
1.034778
1.034820
1.033742
1.034030
1.032324
1.033786
1.033364
1.033274
1.034439
1.033809
1.033230
1.034122
1.033347
1.033221
1.032848
1.033728
1.033063
1.032257
1.033780
1.034307
1.032875
1.033168
1.033819
1.032518
1.033721
1.033496
1.034320
1.033306
1.032998
1.032355
1.033096
1.034165
1.033415
1.032571
1.033731
1.033002
1.032246
1.033674
1.032236
1.033481
1.033284
1.031334
1.031333
1.032581
1.031930
1.032026
1.031377
1.032912
1.031991
1.032779
1.031970
1.031621
1.031543
1.031370
1.031068
1.031599
1.032631
1.033129
1.032302
1.031986
1.031879
1.032115
1.030301
1.030655
1.032721
1.031594
1.032002
1.031557
1.031929
1.032275
1.032373
1.030948
1.032509
1.031140
1.031175
1.030904
1.030564
1.030315
1.031169
1.031556
1.029976
1.030860
1.030513
1.031387
1.031245
1.030524
1.031443
1.032081
1.031050
1.031269
1.030299
1.029633
1.031487
1.032276
1.031790
1.029773
1.030809
1.031418
1.030085
1.031416
1.031177
1.030973
1.031351
1.029339
1.030251
1.030616
1.030584
1.031943
1.032178
1.030362
1.030044
1.031443
1.030103
1.031079
1.030049
1.030121
1.030168
1.031095
1.031351
1.029437
1.029991
1.029531
1.030044
1.030064
1.030003
1.030852
1.030127
1.029400
1.029483
1.030398
1.029676
1.030177
1.030866
1.029595
1.030539
1.030623
1.029441
1.029295
1.027939
1.029517
1.029143
1.029826
1.029465
1.029117
1.030311
1.029448
1.029778
1.027495
1.029507
1.029023
1.030568
1.028669
1.027894
1.029233
1.029942
1.029342
1.028127
1.030033
1.028793
1.028625
1.028754
1.029488
1.030321
1.028242
1.028376
1.029030
1.028118
1.029471
1.028461
1.028324
1.029616
1.029757
1.028627
1.028002
1.028954
1.028421
1.027525
1.028109
1.028720
1.028554
1.028686
1.028339
1.027517
1.028454
1.028952
1.028163
1.028148
1.027745
1.028165
1.027367
1.026857
1.028046
1.027693
1.028383
1.028698
1.027288
1.028370
1.028112
1.027689
1.028475
1.027185
1.027291
1.028430
1.027092
1.027232
1.029334
1.027418
1.027448
1.027991
1.028543
1.027537
1.028995
1.027953
1.026613
1.026421
1.026452
1.027880
1.027958
1.028275
1.028125
1.026552
1.027991
1.027854
1.027113
1.026973
1.028770
1.026884
1.027316
1.028195
1.027124
1.027234
1.026675
1.026368
1.027001
1.026940
1.026596
1.026469
1.026656
1.027787
1.026989
1.027209
1.027112
1.026353
1.026616
1.026605
1.026056
1.026475
1.026981
1.028230
1.025328
1.027076
1.026962
1.027455
1.026284
1.027228
1.026649
1.028007
1.027344
1.027517
1.025916
1.028132
1.026297
1.025185
1.027173
1.025813
1.027267
1.025742
1.026468
1.025879
1.025113
1.026893
1.025386
1.025981
1.024027
1.025840
1.026599
1.025875
1.025852
1.025157
1.026680
1.026182
1.025861
1.025588
1.026337
1.027027
1.026084
1.025107
1.025322
1.026065
1.027337
1.025905
1.026453
1.027374
1.026768
1.026014
1.026021
1.026441
1.025493
1.026037
1.025094
1.024924
1.025035
1.025864
1.026412
1.024105
1.027092
1.025477
1.024581
1.026560
1.025116
1.025219
1.025295
1.024990
1.025422
1.025985
1.024771
1.025399
1.026215
1.025063
1.025746
1.025472
1.025077
1.025636
1.025017
1.025864
1.025764
1.025398
1.024490
1.024195
1.025057
1.024427
1.024827
1.025203
1.025839
1.025546
1.025007
1.025351
1.024924
1.024663
1.022236
1.025196
1.025041
1.024414
1.026370
1.023873
1.024077
1.024722
1.023374
1.025127
1.024464
1.024834
1.024941
1.024654
1.025805
1.024810
1.024583
1.023771
1.025437
1.024945
1.023555
1.023512
1.024367
1.024137
1.024233
1.024622
1.024739
1.023493
1.024175
1.024761
1.024029
1.024038
1.024559
1.024633
1.024238
1.024854
1.024016
1.024993
1.024441
1.023313
1.024657
1.024130
1.024178
1.023601
1.023905
1.024247
1.024164
1.024193
1.025196
1.023191
1.024405
1.022521
1.023776
1.024411
1.023942
1.024103
1.024185
1.024103
1.023900
1.024956
1.023539
1.023715
1.023670
1.024093
1.024376
1.023479
1.023228
1.023637
1.022651
1.023517
1.023761
1.023813
1.023528
1.023528
1.023511
1.024192
1.023672
1.024142
1.022388
1.022549
1.022526
1.024874
1.022999
1.022402
1.024340
1.021685
1.022748
1.023382
1.022453
1.022503
1.022909
1.023380
1.022542
1.024249
1.022596
1.022576
1.024108
1.024290
1.023576
1.023317
1.022692
1.023251
1.021140
1.022864
1.022588
1.023856
1.023624
1.022932
1.022065
1.022209
1.022290
1.023072
1.024153
1.022208
1.022862
1.022211
1.022575
1.023018
1.022747
1.022375
1.022470
1.023508
1.023166
1.023024
1.023022
1.023265
1.022441
1.023026
1.022101
1.024217
1.022362
1.023283
1.021843
1.023071
1.023801
1.022918
1.021842
1.023260
1.022701
1.023119
1.021980
1.021519
1.022362
1.021971
1.021190
1.022417
1.023668
1.022015
1.023058
1.022065
1.022099
1.023243
1.021584
1.022142
1.022413
1.022964
1.021400
1.021051
1.021329
1.023252
1.021931
1.021888
1.022987
1.021541
1.021538
1.022539
1.021327
1.023985
1.022076
1.021679
1.021145
1.021207
1.022249
1.021551
1.021735
1.021772
1.022280
1.022825
1.021754
1.022548
1.022235
1.022129
1.022413
1.021825
1.021976
1.022226
1.021975
1.022336
1.020729
1.022734
1.021488
1.021210
1.022352
1.022074
1.020796
1.021469
1.021922
1.021957
1.020987
1.021342
1.021845
1.020654
1.022142
1.022506
1.021259
1.020251
1.021446
1.021607
1.021179
1.022959
1.021280
1.020913
1.021977
1.021061
1.021092
1.021345
1.021828
1.020674
1.020560
1.021050
1.021721
1.021499
1.019678
1.019917
1.021224
1.021256
1.020992
1.021681
1.020897
1.021359
1.020309
1.021514
1.021062
1.021996
1.021216
1.021096
1.021475
1.020770
1.021269
1.020421
1.020565
1.021048
1.021855
1.020210
1.021050
1.020678
1.020386
1.020718
1.020754
1.022483
1.020861
1.021198
1.021510
1.020892
1.020147
1.021711
1.020631
1.021690
1.021782
1.019364
1.020751
1.020248
1.019867
1.020388
1.020530
1.021556
1.020973
1.019961
1.020424
1.021484
1.020707
1.021868
1.021089
1.019804
1.021776
1.019101
1.018796
1.020333
1.020378
1.020327
1.020671
1.020103
1.020813
1.020713
1.020388
1.021071
1.020056
1.020177
1.019561
1.020509
1.020116
1.019600
1.020623
1.020455
1.020802
1.021010
1.021171
1.019684
1.020532
1.020069
1.019715
1.020172
1.019696
1.020507
1.020100
1.020071
1.020826
1.019577
1.020155
1.020385
1.020668
1.019043
1.020289
1.019575
1.019098
1.020941
1.019603
1.020606
1.019561
1.020360
1.019817
1.019780
1.020126
1.019261
1.019135
1.020302
1.019654
1.020477
1.019366
1.019895
1.019605
1.020878
1.018455
1.019870
1.020576
1.019813
1.017984
1.019261
1.019634
1.019183
1.020866
1.019774
1.018940
1.020458
1.019717
1.019024
1.019278
1.019772
1.019466
1.019891
1.019986
1.018773
1.020597
1.018153
1.019665
1.019445
1.020134
1.020445
1.019859
1.019761
1.019112
1.019736
1.019546
1.019292
1.018945
1.020059
1.018039
1.019818
1.018874
1.019558
1.019379
1.019304
1.019358
1.019633
1.018056
1.019056
1.018494
1.018960
1.018177
1.019861
1.018402
1.019696
1.018760
1.018680
1.018734
1.019476
1.018367
1.020333
1.019189
1.018669
1.019445
1.019265
1.018914
1.018251
1.019081
1.018806
1.019105
1.019975
1.019035
1.018285
1.020101
1.018218
1.018824
1.018447
1.019387
1.018738
1.018993
1.018521
1.018539
1.018633
1.018919
1.019671
1.018223
1.018155
1.018983
1.019476
1.018550
1.018508
1.018893
1.019643
1.018370
1.018252
1.019731
1.018364
1.018361
1.018830
1.018540
1.018566
1.019242
1.017653
1.018535
1.018732
1.019661
1.018747
1.018777
1.017406
1.017645
1.018582
1.017740
1.017858
1.018671
1.017808
1.018162
1.018863
1.019905
1.018988
1.018227
1.017741
1.018034
1.017511
1.019730
1.018644
1.018130
1.017901
1.018136
1.017721
1.018204
1.018189
1.018700
1.017598
1.018799
1.017904
1.018694
1.017753
1.017309
1.019433
1.018234
1.018259
1.018380
1.018939
1.017375
1.019284
1.018931
1.019408
1.018978
1.017695
1.018522
1.017667
1.017810
1.017268
1.017576
1.016384
1.018049
1.017973
1.018215
1.018077
1.018077
1.018759
1.018552
1.017857
1.017088
1.017361
1.017596
1.018444
1.018245
1.016949
1.017936
1.017647
1.017700
1.018953
1.017412
1.017851
1.018083
1.017672
1.017881
1.017824
1.018150
1.017799
1.018045
1.018921
1.017622
1.018308
1.017485
1.018198
1.017197
1.017541
1.017620
1.018146
1.018576
1.017673
1.017710
1.017375
1.018325
1.016789
1.018659
1.017714
1.017399
1.017282
1.018400
1.017678
1.018615
1.016962
1.017677
1.016809
1.018003
1.017954
1.017596
1.017562
1.017186
1.017573
1.017771
1.016844
1.016015
1.016790
1.017526
1.016896
1.016467
1.016637
1.016953
1.017636
1.017552
1.016565
1.017009
1.017569
1.016719
1.017513
1.017663
1.017167
1.017685
1.017275
1.017311
1.017139
1.016936
1.017277
1.017269
1.017525
1.017735
1.016076
1.017997
1.017824
1.016329
1.017021
1.016765
1.017266
1.016755
1.017274
1.016778
1.016868
1.016547
1.016864
1.015801
1.017321
1.016412
1.017185
1.016824
1.016480
1.017037
1.017723
1.016484
1.016914
1.016735
1.015904
1.017306
1.016604
1.017089
1.016557
1.016484
1.016654
1.015982
1.016265
1.015797
1.017312
1.017150
1.016455
1.016236
1.016611
1.015854
1.016235
1.017017
1.016388
1.017291
1.016147
1.017011
1.016073
1.016695
1.015479
1.017462
1.017275
1.016077
1.017020
1.016414
1.017342
1.016500
1.016307
1.015840
1.016684
1.016761
1.017076
1.016325
1.014600
1.016129
1.016729
1.016743
1.016288
1.016809
1.017021
1.016119
1.017123
1.016835
1.016098
1.016910
1.016635
1.016243
1.015869
1.018004
1.015391
1.016040
1.016233
1.016493
1.016368
1.015208
1.015928
1.016930
1.017052
1.016826
1.016795
1.016293
1.016514
1.015961
1.016102
1.015904
1.016367
1.016361
1.015976
1.017224
1.016158
1.018013
1.016996
1.015881
1.015575
1.016440
1.015896
1.015939
1.016335
1.016212
1.016520
1.016018
1.015732
1.015899
1.016465
1.016442
1.017459
1.015986
1.016889
1.017150
1.016645
1.015971
1.015438
1.015531
1.015851
1.016224
1.014781
1.016600
1.016116
1.017135
1.015937
1.016092
1.017677
1.015766
1.017012
1.015419
1.015402
1.016203
1.015447
1.015417
1.015684
1.016403
1.015813
1.015618
1.016582
1.016156
1.015445
1.015955
1.016550
1.015498
1.015600
1.015288
1.016352
1.016365
1.016210
1.015432
1.015792
1.016440
1.016115
1.015270
1.017291
1.016270
1.016193
1.015545
1.015145
1.016158
1.017047
1.015085
1.015431
1.015855
1.015451
1.017018
1.015887
1.015351
1.016308
1.016861
1.016650
1.015906
1.015901
1.017275
1.015715
1.015028
1.015810
1.015916
1.015606
1.015987
1.016176
