4.025000
2.005556
2.010101
1.503472
1.000000
1.292084
1.331250
1.031250
1.191115
1.178163
1.179348
1.284383
1.158607
1.248930
1.115852
1.151724
1.161616
1.181324
1.192853
1.135101
1.239605
1.191115
1.096491
1.079412
1.103535
1.133518
1.031250
1.117460
1.068846
1.092460
1.151504
1.000000
1.071739
1.043301
1.086601
1.045956
1.069358
1.058824
1.072712
1.067460
1.051316
1.095833
1.054167
1.035714
1.041667
1.000000
1.031250
1.117460
1.017857
1.031250
1.015625
1.039474
1.054094
1.023810
1.038816
1.000000
1.025000
1.066667
1.000000
1.048958
1.025000
1.026316
1.031250
1.017857
1.067251
1.062500
1.038816
1.046875
1.026316
1.015625
1.055556
1.011364
1.069048
1.000000
1.038816
1.000000
1.023810
1.112294
1.000000
1.000000
1.000000
1.035714
1.046875
1.058036
1.035714
1.045956
1.081250
1.031250
1.000000
1.000000
1.000000
1.017857
1.016667
1.023810
1.043301
1.017857
1.048958
1.000000
1.014706
1.000000
1.013889
1.017857
1.011905
1.000000
1.000000
1.000000
1.000000
1.027778
1.015625
1.000000
1.046875
1.040936
1.029412
1.000000
1.015625
1.000000
1.061310
1.017857
1.000000
1.000000
1.000000
1.011364
1.040936
1.000000
1.000000
1.055556
1.027778
1.038816
1.044118
1.017857
1.017857
1.017857
1.014706
1.027778
1.025000
1.034091
1.011364
1.017857
1.027778
1.000000
1.000000
1.017857
1.017857
1.016667
1.017857
1.000000
1.011905
1.035714
1.013889
1.016667
1.011364
1.000000
1.000000
1.000000
1.017857
1.000000
1.017857
1.000000
1.000000
1.043301
1.053571
1.000000
1.000000
1.031250
1.013158
1.017857
1.055556
1.000000
1.012500
1.039474
1.000000
1.047619
1.057190
1.014706
1.013158
1.000000
1.040936
1.000000
1.015625
1.000000
1.017857
1.000000
1.014706
1.000000
1.026316
1.000000
1.000000
1.000000
1.000000
1.000000
1.000000
1.014706
1.017857
1.000000
1.017857
1.040936
1.000000
1.000000
1.000000
1.023810
1.000000
1.000000
1.035714
1.017857
1.000000
1.000000
1.000000
1.017857
1.000000
1.000000
1.000000
1.000000
1.012500
1.000000
1.031250
1.017857
1.011364
1.014706
1.000000
1.000000
1.000000
1.000000
1.000000
1.000000
1.000000
1.029412
1.017857
1.000000
1.015625
1.000000
1.012500
1.000000
1.000000
1.000000
1.000000
1.012500
1.000000
1.000000
1.000000
1.000000
1.016667
1.000000
1.000000
1.023810
1.000000
1.032156
1.060764
1.017857
1.000000
1.000000
1.000000
1.000000
1.000000
1.000000
1.011364
1.000000
1.000000
1.000000
1.000000
1.000000
1.000000
1.000000
1.000000
1.000000
1.017857
1.027778
1.000000
1.000000
1.000000
1.031250
1.027778
1.017857
1.000000
1.000000
1.000000
1.000000
1.016667
1.000000
1.000000
1.000000
1.000000
1.000000
1.045956
1.000000
1.000000
1.029412
1.011905
1.000000
1.038816
1.017857
1.029412
1.000000
1.017857
1.000000
1.031250
1.025000
1.027778
1.013889
1.048958
1.000000
1.013889
1.000000
1.000000
1.000000
1.000000
1.000000
1.000000
1.017857
1.026316
1.000000
1.000000
1.000000
1.017857
1.000000
1.000000
1.000000
1.017857
1.000000
1.000000
1.000000
1.000000
1.013889
1.000000
1.000000
1.000000
1.000000
1.000000
1.000000
1.000000
1.013158
1.015625
1.031250
1.000000
1.000000
1.000000
1.022727
1.000000
1.016667
1.000000
1.000000
1.014706
1.000000
1.000000
1.000000
1.000000
1.000000
1.000000
1.011364
1.000000
1.017857
1.000000
1.000000
1.014706
1.000000
1.013889
1.000000
1.017857
1.013889
1.000000
1.014706
1.000000
1.014706
1.000000
1.000000
1.023810
1.000000
1.000000
1.000000
1.000000
1.000000
1.000000
1.000000
1.026316
1.000000
1.000000
1.014706
1.000000
1.000000
1.017857
1.000000
1.000000
1.000000
1.000000
1.000000
1.000000
1.000000
1.027778
1.017857
1.000000
1.017857
1.017857
1.000000
1.000000
1.017857
1.000000
1.000000
1.000000
1.000000
1.000000
1.000000
1.000000
1.000000
1.013889
1.000000
1.000000
1.000000
1.000000
1.000000
1.000000
1.000000
1.000000
1.013158
1.017857
1.000000
1.014706
1.000000
1.017857
1.017857
1.000000
1.000000
1.000000
1.016667
1.000000
1.000000
1.000000
1.029412
1.000000
1.017857
1.000000
1.000000
1.000000
1.000000
1.000000
1.033333
1.000000
1.000000
1.031250
1.000000
1.012500
1.000000
1.025000
1.000000
1.000000
1.000000
1.013889
1.000000
1.000000
1.000000
1.000000
1.011364
1.000000
1.000000
1.000000
1.000000
1.000000
1.022727
1.000000
1.000000
1.000000
1.000000
1.000000
1.000000
1.000000
1.000000
1.000000
1.000000
1.011905
1.000000
1.027778
1.000000
1.023810
1.000000
1.017857
1.000000
1.000000
1.000000
1.000000
1.000000
1.000000
1.000000
1.000000
1.000000
1.017857
1.000000
1.000000
1.000000
1.027778
1.000000
1.015625
1.035714
1.000000
1.000000
1.016667
1.000000
1.035714
1.000000
1.000000
1.000000
1.000000
1.000000
1.017857
1.000000
1.000000
1.000000
1.000000
1.011364
1.012500
1.000000
1.000000
1.000000
1.000000
1.029412
1.000000
1.000000
1.000000
1.000000
1.017857
1.000000
1.000000
1.000000
1.000000
1.000000
1.000000
1.000000
1.000000
1.000000
1.000000
1.017857
1.026316
1.000000
1.000000
1.000000
1.000000
1.000000
1.000000
1.000000
1.000000
1.011364
1.012500
1.000000
1.000000
1.016667
1.000000
1.000000
1.000000
1.025000
1.000000
1.000000
1.012500
1.000000
1.000000
1.000000
1.000000
1.000000
1.000000
1.000000
1.000000
1.011905
1.000000
1.000000
1.000000
1.000000
1.000000
1.000000
1.000000
1.000000
1.000000
1.011364
1.017857
1.000000
1.000000
1.000000
1.013889
1.000000
1.000000
1.000000
1.015625
1.000000
1.000000
1.011905
1.000000
1.000000
1.000000
1.000000
1.000000
1.000000
1.000000
1.000000
1.000000
1.013158
1.000000
1.000000
1.000000
1.000000
1.000000
1.016667
1.000000
1.000000
1.000000
1.000000
1.000000
1.000000
1.000000
1.000000
1.000000
1.017857
1.000000
1.000000
1.000000
1.000000
1.000000
1.000000
1.000000
1.013889
1.011364
1.000000
1.000000
1.000000
1.000000
1.000000
1.000000
1.000000
1.000000
1.000000
1.000000
1.011905
1.000000
1.000000
1.000000
1.000000
1.000000
1.000000
1.029412
1.000000
1.000000
1.014706
1.000000
1.000000
1.000000
1.000000
1.000000
1.017857
1.000000
1.000000
1.000000
1.000000
1.000000
1.000000
1.000000
1.000000
1.000000
1.000000
1.015625
1.000000
1.000000
1.000000
1.000000
1.000000
1.000000
1.000000
1.000000
1.000000
1.000000
1.000000
1.000000
1.000000
1.026316
1.000000
1.000000
1.000000
1.000000
1.000000
1.000000
1.000000
1.000000
1.000000
1.017857
1.000000
1.000000
1.000000
1.000000
1.011364
1.000000
1.000000
1.000000
1.011364
1.000000
1.000000
1.000000
1.000000
1.000000
1.013889
1.000000
1.000000
1.000000
1.000000
1.000000
1.000000
1.000000
1.000000
1.000000
1.000000
1.000000
1.000000
1.000000
1.000000
1.011905
1.000000
1.000000
1.000000
1.000000
1.000000
1.000000
1.000000
1.000000
1.000000
1.000000
1.000000
1.000000
1.000000
1.000000
1.000000
1.027778
1.000000
1.011364
1.000000
1.000000
1.012500
1.000000
1.000000
1.000000
1.000000
1.000000
1.000000
1.017857
1.000000
1.000000
1.000000
1.017857
1.000000
1.000000
1.000000
1.000000
1.000000
1.000000
1.000000
1.000000
1.014706
1.000000
1.000000
1.000000
1.014706
1.017857
1.000000
1.000000
1.000000
1.000000
1.000000
1.000000
1.000000
1.000000
1.000000
1.000000
1.000000
1.000000
1.000000
1.000000
1.000000
1.000000
1.017857
1.000000
1.000000
1.043301
1.000000
1.000000
1.000000
1.000000
1.000000
1.000000
1.000000
1.000000
1.000000
1.000000
1.000000
1.000000
1.013158
1.000000
1.000000
1.000000
1.000000
1.000000
1.000000
1.000000
1.000000
1.000000
1.000000
1.017857
1.013158
1.000000
1.000000
1.000000
1.000000
1.000000
1.000000
1.000000
1.000000
1.000000
1.000000
1.000000
1.011364
1.000000
1.013158
1.000000
1.000000
1.000000
1.000000
1.000000
1.000000
1.000000
1.000000
1.000000
1.000000
1.000000
1.000000
1.000000
1.000000
1.000000
1.000000
1.031250
1.000000
1.000000
1.000000
1.000000
1.000000
1.000000
1.000000
1.000000
1.000000
1.016667
1.000000
1.000000
1.000000
1.000000
1.000000
1.000000
1.000000
1.000000
1.011905
1.000000
1.000000
1.000000
1.000000
1.000000
1.000000
1.014706
1.000000
1.000000
1.000000
1.000000
1.000000
1.000000
1.000000
1.000000
1.000000
1.000000
1.000000
1.000000
1.000000
1.000000
1.000000
1.000000
1.000000
1.000000
1.000000
1.000000
1.000000
1.000000
1.000000
1.000000
1.000000
1.000000
1.000000
1.000000
1.000000
1.000000
1.000000
1.000000
1.000000
1.000000
1.000000
1.011905
1.000000
1.000000
1.000000
1.000000
1.017857
1.000000
1.000000
1.000000
1.000000
1.000000
1.000000
1.000000
1.000000
1.000000
1.000000
1.000000
1.000000
1.000000
1.000000
1.017857
1.000000
1.000000
1.000000
1.035714
1.000000
1.000000
1.000000
1.000000
1.000000
1.000000
1.000000
1.000000
1.000000
1.000000
1.000000
1.000000
1.000000
1.000000
1.000000
1.000000
1.000000
1.000000
1.038816
1.000000
1.000000
1.000000
1.013889
1.000000
1.000000
1.000000
1.000000
1.000000
1.000000
1.000000
1.000000
1.000000
1.000000
1.000000
1.000000
1.022727
1.000000
1.000000
1.000000
1.000000
1.000000
1.000000
1.000000
1.000000
1.000000
1.000000
1.000000
1.014706
1.000000
1.000000
1.000000
1.000000
1.000000
1.000000
1.000000
1.000000
1.015625
1.000000
1.000000
1.000000
1.000000
1.000000
1.000000
1.000000
1.000000
1.000000
1.000000
1.000000
1.000000
1.000000
1.000000
1.000000
1.000000
1.000000
1.000000
1.027778
1.000000
1.000000
1.000000
1.000000
1.000000
1.000000
1.011905
1.000000
1.000000
1.000000
1.000000
1.000000
1.000000
1.000000
1.017857
1.000000
1.000000
1.000000
1.000000
1.000000
1.000000
1.000000
1.000000
1.013889
1.000000
1.000000
1.000000
1.000000
1.000000
1.000000
1.000000
1.000000
1.000000
1.000000
1.000000
1.017857
1.000000
1.000000
1.012500
1.000000
1.016667
1.000000
1.000000
1.000000
1.000000
1.000000
1.000000
1.000000
1.000000
1.000000
1.000000
1.017857
1.000000
1.000000
1.000000
1.000000
1.000000
1.000000
1.000000
1.000000
1.000000
1.011905
1.000000
1.000000
1.000000
1.000000
1.000000
1.000000
1.000000
1.000000
1.000000
1.000000
1.000000
1.000000
1.000000
1.000000
1.000000
1.000000
1.000000
1.000000
1.000000
1.015625
1.000000
1.013889
1.000000
1.000000
1.000000
1.013158
1.000000
1.000000
1.000000
1.000000
1.000000
1.000000
1.000000
1.000000
1.000000
1.000000
1.000000
1.000000
1.000000
1.000000
1.000000
1.000000
1.000000
1.011364
1.000000
1.000000
1.000000
1.000000
1.000000
1.000000
1.000000
1.000000
1.017857
1.000000
1.000000
1.015625
1.000000
1.000000
1.000000
1.000000
1.000000
1.000000
1.000000
1.000000
1.000000
1.000000
1.000000
1.000000
1.000000
1.015625
1.000000
1.000000
1.000000
1.000000
1.017857
1.000000
1.000000
1.000000
1.000000
1.000000
1.000000
1.000000
1.000000
1.000000
1.000000
1.012500
1.000000
1.000000
1.017857
1.000000
1.000000
1.000000
1.000000
1.000000
1.000000
1.000000
1.000000
1.000000
1.014706
1.000000
1.000000
1.000000
1.000000
1.000000
1.000000
1.000000
1.000000
1.000000
1.000000
1.000000
1.011364
1.000000
1.000000
1.000000
1.000000
1.000000
1.000000
1.000000
1.000000
1.000000
1.000000
1.000000
1.000000
1.000000
1.000000
1.000000
1.012500
1.000000
1.000000
1.000000
1.016667
1.000000
1.014706
1.000000
1.000000
1.000000
1.013889
1.000000
1.000000
1.000000
1.000000
1.000000
1.000000
1.000000
1.000000
1.000000
1.000000
1.000000
1.000000
1.000000
1.000000
1.000000
1.000000
1.011364
1.000000
1.000000
1.000000
1.000000
1.000000
1.000000
1.000000
1.015625
1.000000
1.014706
1.000000
1.000000
1.000000
1.000000
1.000000
1.000000
1.000000
1.000000
1.017857
1.000000
1.000000
1.000000
1.000000
1.000000
1.000000
1.000000
1.000000
1.000000
1.000000
1.017857
1.000000
1.000000
1.000000
1.000000
1.000000
1.000000
1.000000
1.000000
1.000000
1.017857
1.000000
1.000000
1.000000
1.000000
1.000000
1.000000
1.000000
1.017857
1.000000
1.000000
1.000000
1.000000
1.000000
1.000000
1.000000
1.000000
1.000000
1.000000
1.000000
1.000000
1.000000
1.000000
1.000000
1.000000
1.017857
1.000000
1.000000
1.011364
1.000000
1.000000
1.000000
1.000000
1.000000
1.000000
1.011905
1.000000
1.000000
1.000000
1.000000
1.000000
1.000000
1.000000
1.000000
1.000000
1.000000
1.000000
1.011905
1.000000
1.000000
1.000000
1.000000
1.017857
1.000000
1.000000
1.000000
1.000000
1.000000
1.000000
1.000000
1.000000
1.000000
1.000000
1.000000
1.000000
1.015625
1.000000
1.000000
1.000000
1.000000
1.000000
1.000000
1.000000
1.012500
1.000000
1.000000
1.000000
1.000000
1.000000
1.017857
1.000000
1.000000
1.014706
1.000000
1.000000
1.000000
1.000000
1.000000
1.000000
1.000000
1.000000
1.000000
1.000000
1.000000
1.000000
1.000000
1.000000
1.000000
1.000000
1.000000
1.000000
1.000000
1.000000
1.000000
1.000000
1.000000
1.000000
1.000000
1.017857
1.000000
1.000000
1.000000
1.000000
1.000000
1.000000
1.000000
1.000000
1.000000
1.017857
1.000000
1.000000
1.000000
1.000000
1.000000
1.000000
1.000000
1.000000
1.000000
1.000000
1.000000
1.000000
1.000000
1.000000
1.000000
1.000000
1.000000
1.000000
1.000000
1.000000
1.000000
1.000000
1.000000
1.000000
1.000000
1.000000
1.000000
1.000000
1.017857
1.000000
1.000000
1.000000
1.000000
1.000000
1.000000
1.000000
1.017857
1.016667
1.000000
1.000000
1.000000
1.000000
1.000000
1.000000
1.000000
1.000000
1.000000
1.000000
1.000000
1.000000
1.000000
1.000000
1.000000
1.000000
1.000000
1.000000
1.000000
1.000000
1.000000
1.000000
1.000000
1.000000
1.000000
1.000000
1.000000
1.015625
1.000000
1.000000
1.000000
1.000000
1.000000
1.000000
1.000000
1.000000
1.000000
1.000000
1.000000
1.000000
1.000000
1.000000
1.000000
1.000000
1.000000
1.000000
1.000000
1.000000
1.000000
1.000000
1.000000
1.000000
1.017857
1.000000
1.000000
1.000000
1.000000
1.000000
1.000000
1.000000
1.000000
1.000000
1.000000
1.000000
1.000000
1.000000
1.000000
1.000000
1.000000
1.000000
1.000000
1.000000
1.000000
1.000000
1.000000
1.000000
1.000000
1.000000
1.000000
1.000000
1.000000
1.000000
1.000000
1.000000
1.000000
1.000000
1.000000
1.000000
1.000000
1.016667
1.000000
1.000000
1.000000
1.000000
1.000000
1.000000
1.000000
1.000000
1.000000
1.000000
1.000000
1.000000
1.000000
1.000000
1.000000
1.000000
1.000000
1.000000
1.000000
1.000000
1.000000
1.000000
1.000000
1.017857
1.000000
1.000000
1.000000
1.000000
1.000000
1.000000
1.000000
1.000000
1.000000
1.000000
1.000000
1.000000
1.015625
1.000000
1.000000
1.000000
1.000000
1.000000
1.016667
1.000000
1.000000
1.000000
1.000000
1.000000
1.000000
1.000000
1.000000
1.000000
1.000000
1.000000
1.000000
1.000000
1.000000
1.000000
1.000000
1.000000
1.000000
1.000000
1.000000
1.000000
1.000000
1.000000
1.000000
1.000000
1.000000
1.017857
1.000000
1.000000
1.000000
1.000000
1.000000
1.015625
1.000000
1.000000
1.000000
1.000000
1.000000
1.000000
1.000000
1.000000
1.000000
1.000000
1.000000
1.000000
1.012500
1.000000
1.000000
1.000000
1.000000
1.000000
1.000000
1.000000
1.000000
1.000000
1.000000
1.000000
1.000000
1.000000
1.000000
1.000000
1.000000
1.000000
1.000000
1.000000
1.013158
1.000000
1.000000
1.000000
1.000000
1.000000
1.000000
1.000000
1.000000
1.000000
1.000000
1.000000
1.000000
1.000000
1.000000
1.017857
1.000000
1.000000
1.000000
1.000000
1.000000
1.000000
1.011364
1.000000
1.000000
1.000000
1.000000
1.000000
1.000000
1.000000
1.000000
1.000000
1.000000
1.000000
1.000000
1.000000
1.000000
1.000000
1.000000
1.000000
1.000000
1.000000
1.000000
1.000000
1.000000
1.000000
1.000000
1.000000
1.000000
1.000000
1.000000
1.000000
1.000000
1.000000
1.015625
1.000000
1.000000
1.000000
1.000000
1.000000
1.000000
1.000000
1.000000
1.000000
1.000000
1.000000
1.000000
1.000000
1.000000
1.000000
1.000000
1.000000
1.000000
1.000000
1.013158
1.000000
1.000000
1.000000
1.000000
1.000000
1.000000
1.000000
1.000000
1.000000
1.000000
1.027778
1.000000
1.000000
1.000000
1.000000
1.000000
1.000000
1.000000
1.000000
1.000000
1.000000
1.000000
1.000000
1.000000
1.000000
1.000000
1.000000
1.000000
1.000000
1.000000
1.000000
1.013889
1.000000
1.000000
1.000000
1.000000
1.000000
1.000000
1.000000
1.000000
1.017857
1.000000
1.000000
1.000000
1.000000
1.000000
1.000000
1.000000
1.000000
1.000000
1.000000
1.000000
1.000000
1.000000
1.000000
1.000000
1.000000
1.000000
1.000000
1.000000
1.000000
1.000000
1.000000
1.000000
1.000000
1.000000
1.000000
1.000000
1.000000
1.000000
1.000000
1.000000
1.000000
1.000000
1.000000
1.017857
1.000000
1.000000
1.000000
1.000000
1.000000
1.000000
1.011905
1.000000
1.000000
1.000000
1.000000
1.011364
1.000000
1.000000
1.000000
1.000000
1.000000
1.000000
1.000000
1.000000
1.000000
1.000000
1.000000
1.000000
1.000000
1.000000
1.000000
1.000000
1.017857
1.000000
1.000000
1.000000
1.000000
1.000000
1.000000
1.000000
1.000000
1.000000
1.000000
1.000000
1.000000
1.000000
1.000000
1.000000
1.000000
1.000000
1.000000
1.000000
1.000000
1.000000
1.000000
1.000000
1.000000
1.000000
1.000000
1.000000
1.000000
1.000000
1.000000
1.000000
1.000000
1.000000
1.017857
1.000000
1.000000
1.000000
1.000000
1.000000
1.000000
1.000000
1.000000
1.000000
1.000000
1.000000
1.000000
1.000000
1.000000
1.000000
1.000000
1.000000
1.000000
1.000000
1.000000
1.000000
1.000000
1.000000
1.000000
1.000000
1.000000
1.000000
1.000000
1.000000
1.000000
1.000000
1.000000
1.014706
1.000000
1.000000
1.000000
1.000000
1.000000
1.000000
1.000000
1.000000
1.000000
1.000000
1.000000
1.000000
1.000000
1.000000
1.000000
1.000000
1.000000
1.014706
1.000000
1.000000
1.000000
1.000000
1.000000
1.000000
1.000000
1.000000
1.000000
1.000000
1.000000
1.000000
1.023810
1.000000
1.000000
1.000000
1.000000
1.000000
1.000000
1.000000
1.000000
1.017857
1.000000
1.000000
1.000000
1.000000
1.000000
1.000000
1.000000
1.000000
1.000000
1.000000
1.000000
1.000000
1.000000
1.000000
1.000000
1.000000
1.000000
1.043301
1.000000
1.000000
1.000000
1.000000
1.000000
1.000000
1.000000
1.000000
1.000000
1.000000
1.000000
1.000000
1.000000
1.000000
1.000000
1.000000
1.000000
1.000000
1.000000
1.016667
1.000000
1.000000
1.000000
1.000000
1.000000
1.017857
1.000000
1.000000
1.000000
1.000000
1.000000
1.000000
1.000000
1.000000
1.000000
1.000000
1.000000
1.000000
1.000000
1.000000
1.000000
1.000000
1.000000
1.000000
1.011905
1.000000
1.011905
1.000000
1.000000
1.000000
1.000000
1.000000
1.000000
1.000000
1.016667
1.000000
1.000000
1.000000
1.000000
1.031250
1.000000
1.000000
1.000000
1.000000
1.000000
1.000000
1.013158
1.000000
1.000000
1.000000
1.000000
1.000000
1.000000
1.000000
1.000000
1.000000
1.000000
1.000000
1.000000
1.000000
1.000000
1.000000
1.000000
1.000000
1.000000
1.000000
1.000000
1.000000
1.000000
1.000000
1.000000
1.000000
1.000000
1.000000
1.000000
1.000000
1.000000
1.000000
1.000000
1.000000
1.000000
1.000000
1.000000
1.000000
1.000000
1.000000
1.000000
1.000000
1.017857
1.000000
1.000000
1.000000
1.000000
1.000000
1.000000
1.000000
1.000000
1.000000
1.000000
1.000000
1.000000
1.000000
1.000000
1.000000
1.000000
1.000000
1.000000
1.000000
1.000000
1.000000
1.000000
1.000000
1.000000
1.000000
1.000000
1.000000
1.000000
1.000000
1.000000
1.000000
1.000000
1.000000
