32.013077
16.365449
10.974935
8.436013
6.770931
5.750460
5.026309
4.494109
4.059289
3.707207
3.442919
3.199146
3.009171
2.840553
2.713597
2.585290
2.463886
2.370665
2.301812
2.204884
2.147091
2.073214
2.024233
1.966657
1.917429
1.874163
1.842380
1.800783
1.762224
1.732764
1.716936
1.685503
1.653746
1.637772
1.615909
1.597765
1.571421
1.556408
1.529054
1.525411
1.506820
1.494931
1.478022
1.464779
1.456469
1.436506
1.430845
1.415092
1.413075
1.395619
1.390404
1.385142
1.370495
1.364870
1.353242
1.350735
1.345536
1.334708
1.325936
1.320139
1.318063
1.311983
1.306061
1.298983
1.293494
1.285533
1.278483
1.278945
1.274388
1.266237
1.265207
1.258892
1.257736
1.251655
1.246301
1.241753
1.239902
1.233572
1.229779
1.229899
1.228775
1.224398
1.219837
1.219085
1.216719
1.212420
1.209074
1.208608
1.201341
1.202856
1.199916
1.197388
1.193060
1.190495
1.189893
1.184568
1.186086
1.185252
1.181743
1.180059
1.176202
1.177280
1.172096
1.171916
1.171314
1.166774
1.163699
1.163417
1.160765
1.160245
1.159750
1.158506
1.153895
1.154858
1.151650
1.147350
1.149572
1.149544
1.148196
1.144687
1.145871
1.143881
1.142607
1.142408
1.142543
1.137617
1.137824
1.138081
1.134765
1.134022
1.135829
1.132835
1.131254
1.128415
1.125593
1.129751
1.128376
1.127039
1.125106
1.122814
1.121349
1.119781
1.118336
1.120293
1.118572
1.116653
1.117465
1.112104
1.114086
1.113858
1.114606
1.112240
1.111159
1.111963
1.111967
1.108536
1.107958
1.109156
1.108132
1.104363
1.103042
1.106515
1.106823
1.103384
1.103539
1.103010
1.101659
1.100111
1.100281
1.099906
1.097781
1.098408
1.097673
1.095771
1.094349
1.095772
1.094319
1.094574
1.093479
1.095001
1.092857
1.093040
1.091696
1.093830
1.089634
1.091107
1.091035
1.087765
1.085921
1.087220
1.087690
1.084940
1.087177
1.084308
1.088001
1.087292
1.083082
1.085815
1.083001
1.082888
1.080956
1.079818
1.082564
1.081652
1.081009
1.080694
1.080485
1.082343
1.080110
1.078727
1.080153
1.079317
1.078725
1.077674
1.075415
1.077961
1.076976
1.075836
1.077260
1.075419
1.075174
1.074855
1.075439
1.074075
1.073886
1.072848
1.072542
1.072945
1.070104
1.071095
1.072149
1.072265
1.069502
1.074238
1.069294
1.069365
1.069958
1.069851
1.071009
1.068591
1.071000
1.068104
1.066734
1.064952
1.068176
1.068346
1.064381
1.065973
1.065830
1.065434
1.065551
1.065063
1.065210
1.066339
1.065076
1.064189
1.064046
1.064544
1.063541
1.063807
1.063449
1.061752
1.062400
1.060474
1.063649
1.062582
1.062017
1.062091
1.061742
1.060774
1.060646
1.061184
1.062483
1.060311
1.059780
1.059287
1.060247
1.060033
1.059002
1.060970
1.058678
1.060199
1.059034
1.057632
1.056952
1.056274
1.058185
1.060595
1.056589
1.056192
1.056974
1.056907
1.054967
1.058495
1.055454
1.054599
1.055395
1.054503
1.053059
1.054591
1.054930
1.053897
1.052977
1.052223
1.054668
1.052399
1.052368
1.054965
1.054770
1.053243
1.052421
1.051539
1.054022
1.051947
1.053538
1.052422
1.051675
1.051078
1.052021
1.050881
1.050434
1.050242
1.047592
1.050648
1.050417
1.048892
1.049362
1.047934
1.048233
1.047387
1.047837
1.049932
1.049212
1.050344
1.048957
1.047736
1.049304
1.047969
1.048462
1.048923
1.049401
1.045962
1.047206
1.046797
1.047235
1.046834
1.045738
1.047798
1.046599
1.044651
1.046520
1.047854
1.046892
1.046384
1.046612
1.045315
1.045694
1.044277
1.045592
1.046417
1.045912
1.045136
1.044826
1.044499
1.044396
1.045242
1.046330
1.043729
1.044907
1.043697
1.043449
1.045983
1.043766
1.043095
1.044332
1.042678
1.044334
1.042151
1.041468
1.042692
1.042644
1.045506
1.041951
1.043794
1.040478
1.041153
1.040920
1.041630
1.041198
1.043023
1.040898
1.041138
1.041221
1.042097
1.040875
1.040306
1.040515
1.040007
1.040046
1.041798
1.039390
1.041420
1.039973
1.041391
1.037735
1.040083
1.040217
1.039692
1.038850
1.038599
1.039872
1.039956
1.039177
1.039616
1.038638
1.038104
1.038398
1.038133
1.038308
1.038544
1.037088
1.038140
1.037197
1.038141
1.038771
1.037412
1.038452
1.038694
1.036660
1.037643
1.037621
1.035493
1.036287
1.037656
1.036869
1.037874
1.037243
1.038181
1.036259
1.037786
1.037068
1.035915
1.035795
1.036498
1.037191
1.035611
1.034898
1.036099
1.034688
1.036160
1.035150
1.037258
1.035338
1.035655
1.036147
1.035262
1.036065
1.033403
1.035727
1.035610
1.034516
1.035950
1.034511
1.034449
1.033739
1.032464
1.036722
1.034146
1.034665
1.034085
1.034002
1.034294
1.035164
1.033939
1.032566
1.034527
1.034072
1.033779
1.033117
1.034124
1.034520
1.031110
1.034112
1.033875
1.034367
1.031213
1.033310
1.031758
1.031304
1.032489
1.033181
1.033253
1.031826
1.033705
1.031546
1.033592
1.033086
1.031661
1.031490
1.031543
1.032370
1.031918
1.031697
1.030844
1.030940
1.030872
1.030886
1.031080
1.032102
1.031189
1.029921
1.031717
1.031538
1.030616
1.032079
1.032920
1.029918
1.032720
1.029520
1.031850
1.031388
1.032410
1.031287
1.030533
1.030518
1.030792
1.030048
1.030543
1.029503
1.030010
1.030368
1.029284
1.029473
1.029585
1.029483
1.030733
1.029869
1.030478
1.030091
1.028424
1.028624
1.030640
1.029789
1.029411
1.029863
1.028714
1.030110
1.029188
1.029174
1.028584
1.029472
1.028001
1.027853
1.029626
1.028076
1.029387
1.028724
1.028048
1.028670
1.027508
1.029168
1.028764
1.028414
1.026471
1.028799
1.028728
1.028306
1.027987
1.029345
1.028095
1.026161
1.027361
1.027163
1.027659
1.028039
1.026892
1.028102
1.027513
1.026467
1.026912
1.027744
1.026552
1.028091
1.027365
1.028500
1.027752
1.026924
1.027976
1.026978
1.026715
1.028180
1.026301
1.026285
1.026855
1.025845
1.026992
1.027678
1.025531
1.028128
1.027059
1.026124
1.026779
1.027873
1.026015
1.025263
1.027152
1.024678
1.025600
1.026124
1.025168
1.025797
1.025882
1.026306
1.026427
1.025057
1.025444
1.025218
1.024728
1.026241
1.025798
1.026128
1.024949
1.026472
1.024855
1.026557
1.025313
1.023956
1.025969
1.026263
1.024631
1.024910
1.024650
1.025811
1.024743
1.025180
1.024916
1.025851
1.025252
1.023761
1.024047
1.025182
1.024927
1.024488
1.023541
1.026343
1.025353
1.023127
1.024127
1.024837
1.024831
1.024888
1.024744
1.025108
1.024489
1.024758
1.024058
1.024001
1.024177
1.022816
1.023070
1.024139
1.024246
1.025337
1.023181
1.023525
1.024305
1.023162
1.022250
1.022795
1.022754
1.023530
1.024100
1.023481
1.023368
1.022672
1.023636
1.023436
1.023291
1.023143
1.022545
1.023978
1.022980
1.022149
1.022742
1.022914
1.024020
1.022590
1.024508
1.022845
1.023034
1.021086
1.022650
1.023707
1.022411
1.021034
1.022878
1.023374
1.022215
1.022234
1.022748
1.022941
1.022332
1.022715
1.021849
1.022396
1.023087
1.022200
1.022588
1.021419
1.023889
1.021748
1.020308
1.021833
1.022304
1.022266
1.021441
1.021590
1.021604
1.022184
1.021338
1.021974
1.021506
1.022609
1.021927
1.020994
1.021669
1.021160
1.022608
1.022083
1.021920
1.022186
1.020397
1.020997
1.022583
1.021043
1.021931
1.020634
1.021360
1.022873
1.022022
1.020984
1.022370
1.021933
1.021429
1.022996
1.021039
1.021467
1.020584
1.021416
1.019936
1.021711
1.021528
1.020513
1.021070
1.021897
1.020759
1.018963
1.021268
1.021263
1.021028
1.020418
1.020664
1.022046
1.021879
1.021701
1.020361
1.021738
1.020831
1.022002
1.020767
1.019850
1.021053
1.020484
1.020738
1.019857
1.019626
1.019937
1.019875
1.019946
1.021604
1.020468
1.020177
1.019486
1.020591
1.018931
1.020317
1.020061
1.021181
1.020056
1.020057
1.021281
1.019456
1.018843
1.019876
1.020220
1.018562
1.021055
1.020843
1.019567
1.019234
1.018393
1.020707
1.018179
1.020008
1.019473
1.019624
1.019204
1.018819
1.019890
1.019773
1.018410
1.018301
1.019357
1.018109
1.020526
1.019685
1.019475
1.017171
1.019333
1.017275
1.020026
1.018260
1.018664
1.017881
1.018036
1.018831
1.017802
1.019889
1.019824
1.019371
1.019701
1.019656
1.018610
1.018655
1.020733
1.019436
1.019538
1.018822
1.018991
1.017518
1.018598
1.018439
1.018345
1.020293
1.018125
1.018241
1.019461
1.019064
1.018081
1.018726
1.017947
1.018983
1.018846
1.016486
1.018416
1.018606
1.020103
1.017829
1.018171
1.018770
1.019002
1.018636
1.018061
1.019357
1.017483
1.018977
1.019862
1.018723
1.017456
1.018047
1.019916
1.017203
1.018263
1.017310
1.017051
1.018916
1.019662
1.018098
1.018468
1.018416
1.016444
1.016010
1.018256
1.018484
1.016183
1.017772
1.019710
1.015880
1.017827
1.018926
1.016110
1.017367
1.017372
1.017694
1.016127
1.017530
1.017550
1.018879
1.018767
1.017608
1.016577
1.017247
1.017345
1.017322
1.017028
1.016725
1.017826
1.016423
1.015546
1.018294
1.017857
1.017317
1.016221
1.017937
1.016421
1.017097
1.016151
1.016376
1.017773
1.017756
1.015993
1.017261
1.016327
1.017537
1.017448
1.017736
1.016314
1.017392
1.017507
1.017999
1.017329
1.016448
1.016290
1.017673
1.017535
1.016791
1.016551
1.016596
1.015314
1.017777
1.017370
1.016567
1.017024
1.018882
1.015279
1.017372
1.016116
1.017242
1.017303
1.015384
1.015800
1.017315
1.016643
1.016043
1.017330
1.016470
1.017862
1.016076
1.018274
1.016582
1.016293
1.016846
1.016915
1.015525
1.016607
1.015500
1.015847
1.015136
1.014920
1.015380
1.017176
1.016216
1.015828
1.015918
1.016009
1.016442
1.015649
1.000000
1.015686
1.015388
1.016620
1.016136
1.016559
1.015939
1.015566
1.015825
1.016693
1.015518
1.016715
1.015767
1.014737
1.016101
1.017073
1.014712
1.016156
1.016737
1.015142
1.014913
1.015213
1.015794
1.015549
1.016401
1.016227
1.015334
1.016187
1.015980
1.016232
1.015635
1.015908
1.015665
1.015291
1.014275
1.015023
1.016246
1.015262
1.014959
1.016292
1.016090
1.016827
1.014894
1.017051
1.016885
1.014232
1.015018
1.015534
1.017346
1.016220
1.015507
1.016861
1.016383
1.015339
1.015544
1.015464
1.015698
1.014719
1.015569
1.015936
1.016590
1.016378
1.014685
1.014838
1.015657
1.014943
1.015389
1.016104
1.014253
1.016253
1.015450
1.015568
1.014590
1.015009
1.015207
1.015358
1.015319
1.016466
1.015584
1.015249
1.014161
1.014498
1.015291
1.015651
1.016339
1.014847
1.014727
1.015204
1.014472
1.014902
1.015012
1.015090
1.014779
1.015048
1.014921
1.015318
1.014620
1.013894
1.014065
1.014555
1.013935
1.014260
1.013853
1.012969
1.014571
1.014987
1.013262
1.015124
1.015007
1.014602
1.015460
1.013541
1.016098
1.014721
1.014989
1.014801
1.016024
1.015225
1.013056
1.014068
1.014388
1.013994
1.014095
1.013127
1.014625
1.015016
1.013705
1.015755
1.013847
1.013823
1.016095
1.013737
1.014131
1.013356
1.013722
1.014767
1.014093
1.013465
1.013414
1.013118
1.013921
1.013746
1.014160
1.014887
1.013713
1.014015
1.013775
1.014832
1.013530
1.013894
1.013459
1.014807
1.014172
1.014346
1.013449
1.013877
1.013793
1.013418
1.013232
1.014405
1.014379
1.013544
1.013898
1.013464
1.012533
1.012987
1.013669
1.013533
1.014283
1.014211
1.014597
1.014189
1.013310
1.014284
1.015104
1.013071
1.013723
1.011958
1.013898
1.014837
1.013408
1.014456
1.013817
1.013550
1.013199
1.014186
1.013300
1.012311
1.014885
1.013902
1.013961
1.013602
1.013923
1.013441
1.013971
1.013013
1.012244
1.013279
1.013241
1.013080
1.013015
1.013503
1.013516
1.011702
1.013383
1.012205
1.012107
1.012598
1.014073
1.013547
1.013203
1.012986
1.013579
1.013944
1.013434
1.012115
1.013246
1.013739
1.012422
1.012690
1.012184
1.013800
1.013803
1.012757
1.011417
1.013797
1.013227
1.014025
1.013015
1.012136
1.013380
1.013643
1.014045
1.012784
1.011550
1.013167
1.013261
1.012770
1.012993
1.013802
1.011207
1.012861
1.013831
1.014447
1.013166
1.012218
1.012612
1.012775
1.012950
1.013263
1.014378
1.013194
1.011799
1.012167
1.014005
1.012271
1.011625
1.012324
1.011413
1.012428
1.012519
1.012158
1.012354
1.014182
1.012322
1.012431
1.010998
1.012609
1.012048
1.012724
1.012375
1.012991
1.011123
1.011872
1.011929
1.012167
1.011912
1.012933
1.013724
1.012445
1.011956
1.012094
1.011624
1.011567
1.013808
1.011303
1.012325
1.013289
1.012465
1.013065
1.011570
1.012487
1.012142
1.011869
1.012339
1.012297
1.012566
1.011042
1.011179
1.000000
1.011970
1.011175
1.012187
1.010819
1.012742
1.011690
1.013806
1.011919
1.012238
1.011830
1.012259
1.012422
1.012578
1.012710
1.010959
1.012129
1.012445
1.013633
1.011074
1.010649
1.011621
1.012341
1.012516
1.011898
1.012042
1.012204
1.011881
1.012713
1.010785
1.012374
1.012514
1.012251
1.013259
1.011990
1.012073
1.012938
1.012100
1.011933
1.011088
1.013075
1.013434
1.012746
1.011542
1.012166
1.011970
1.012640
1.012440
1.012028
1.012356
1.012892
1.011973
1.011641
1.010901
1.011305
1.013207
1.009051
1.012931
1.011355
1.011940
1.012213
1.011563
1.010947
1.011127
1.011954
1.011992
1.011074
1.010952
1.012923
1.011280
1.012250
1.011900
1.012489
1.011998
1.012170
1.011598
1.010930
1.011452
1.011666
1.012424
1.011679
1.011452
1.011351
1.012912
1.012679
1.011611
1.010603
1.012377
1.011420
1.010512
1.010502
1.012111
1.011258
1.011266
1.010459
1.010705
1.012879
1.010531
1.011248
1.011672
1.010364
1.011276
1.011194
1.012470
1.011714
1.010989
1.013017
1.011477
1.010473
1.013135
1.011673
1.011926
1.010650
1.011624
1.011249
1.010737
1.012151
1.010194
1.011043
1.011440
1.009186
1.011466
1.010917
1.011671
1.010267
1.012186
1.010623
1.011470
1.010487
1.010856
1.010780
1.011113
1.011118
1.010583
1.010639
1.013047
1.012248
1.010076
1.012519
1.011560
1.011930
1.009889
1.009539
1.010350
1.011613
1.010971
1.011554
1.010168
1.012043
1.008811
1.011128
1.011830
1.010211
1.010627
1.011009
1.009956
1.010833
1.010177
1.011732
1.011066
1.011037
1.010887
1.010915
1.010542
1.010566
1.012371
1.010436
1.010198
1.011180
1.008975
1.011109
1.011661
1.011345
1.010795
1.011626
1.012379
1.009923
1.011172
1.010090
1.010254
1.009620
1.011837
1.010702
1.011905
1.010516
1.009694
1.010109
1.011921
1.008588
1.011158
1.011654
1.010065
1.010827
1.011425
1.010154
1.010611
1.011096
1.011371
1.010109
1.010384
1.009197
1.011039
1.011352
1.010902
1.010615
1.011569
1.010069
1.010070
1.010618
1.009247
1.010717
1.010476
1.010932
1.010090
1.010944
1.010885
1.010787
1.010678
1.010347
1.009484
1.010094
1.009714
1.010760
1.009446
1.009950
1.011257
1.010979
1.009911
1.009216
1.010173
1.010265
1.009018
1.000000
1.009739
1.009241
1.009454
1.011391
1.010653
1.009629
1.011360
1.011133
1.010420
1.009293
1.009824
1.010202
1.009978
1.009851
1.010698
1.010573
1.010670
1.010385
1.009843
1.010464
1.009629
1.010078
1.010174
1.010916
1.009912
1.011118
1.009266
1.009503
1.009887
1.010210
1.009443
1.010424
1.010565
1.007694
1.009015
1.010811
1.010123
1.010149
1.009832
1.010664
1.010765
1.009181
1.010031
1.008871
1.010594
1.009941
1.011560
1.009840
1.010578
1.010539
1.009280
1.008620
1.009883
1.009843
1.010304
1.011768
1.010794
1.010222
1.009900
1.009497
1.011012
1.010441
1.010459
1.008185
1.010278
1.009882
1.007966
1.009434
1.010240
1.011422
1.009586
1.010049
1.009486
1.009908
1.010470
1.009163
1.010220
1.010628
1.009278
1.008854
1.010198
1.011051
1.009919
1.009634
1.010077
1.009280
1.010616
1.008577
1.008409
1.009007
1.009153
1.010739
1.009503
1.009213
1.009673
1.009615
1.009980
1.009578
1.010443
1.009163
1.009215
1.009444
1.009007
1.011688
1.000000
1.009959
1.008455
1.009633
1.010485
1.009078
1.009530
1.009552
1.009985
1.009957
1.009835
1.010226
1.009092
1.010893
1.010707
1.009320
1.010206
1.009404
1.010226
1.009027
1.007321
1.009572
1.008898
1.009644
1.009775
1.009961
1.010227
1.009961
1.009901
1.009869
1.008529
1.009739
1.009870
1.009131
1.009268
1.008698
1.010436
1.011222
1.010102
1.010377
1.010138
1.010639
1.007729
1.008179
1.009388
1.000000
1.009237
1.010973
1.009022
1.009806
1.010185
1.008859
1.008528
1.009512
1.009017
1.008744
1.009480
1.009576
1.008724
1.000000
1.009695
1.008752
1.009750
1.008586
1.009069
1.009888
1.010256
1.008867
1.010732
1.009682
1.009202
1.009488
1.010433
1.007720
1.009329
1.009283
1.009458
1.000000
1.009663
1.009576
1.009250
1.008927
1.009249
1.009121
1.010081
1.010018
1.008374
1.010044
1.008574
1.008002
1.010184
1.009671
1.008331
1.009683
1.008064
1.008922
1.008482
1.009203
1.009008
1.008987
1.009364
1.009280
1.008971
1.009367
1.008035
1.008364
1.010179
1.008595
1.009272
1.007273
1.009891
1.009216
1.009432
1.008362
1.009460
1.008312
1.007515
1.008204
1.009637
1.009079
1.010092
1.008522
1.008428
1.009118
1.007959
1.008554
1.009250
1.009251
1.009970
1.010778
1.008947
1.009069
1.008189
1.008763
1.008529
1.008811
1.008829
1.008177
1.009480
1.000000
1.009357
1.008910
1.009195
1.009279
1.009913
1.008517
1.008494
1.007613
1.008353
1.009311
1.008111
1.009626
1.008309
1.009678
1.009542
1.008878
1.009275
1.010191
1.007980
1.008405
1.009750
1.009526
1.008815
1.009160
1.009203
1.008453
1.009019
1.008140
1.006540
1.007941
1.008761
1.008918
1.009505
1.008902
1.008417
1.007958
1.008731
1.009486
1.009467
1.008697
1.009498
1.008817
1.009494
1.008419
1.008145
1.008881
1.008065
1.009956
1.007476
1.008765
1.008247
1.008979
1.009095
1.008506
1.008534
1.007630
1.008034
1.009219
1.008828
1.007526
1.009223
1.007259
1.008624
1.008529
1.008111
1.007118
1.008706
1.007824
1.009886
1.007090
1.008902
1.008945
1.009362
1.008223
1.009037
1.010180
1.008415
1.009367
1.009134
1.009010
1.007915
1.007495
1.008938
1.009301
1.008066
1.009081
1.009006
1.007766
1.009082
1.008705
1.008926
1.008824
1.009004
1.000000
1.008229
1.007961
1.008148
1.007868
1.008564
1.010025
1.008576
1.009706
1.009213
1.007807
1.008474
1.008809
1.006450
1.005941
1.008651
1.008502
1.009239
1.008102
1.007676
1.000000
1.008695
1.008768
1.007756
1.009021
1.008983
1.008359
1.008143
1.007090
1.008478
1.008056
1.008366
1.000000
1.008252
1.007873
1.006992
1.007867
1.008516
1.008723
1.008171
1.006690
1.007879
1.008670
1.008245
1.006130
1.006101
1.000000
1.010224
1.008171
1.007871
1.007451
1.008812
1.000000
1.008440
1.007072
1.000000
1.008772
1.008061
1.007547
1.008733
1.009202
1.008367
1.007523
1.007496
1.008008
1.008923
1.007847
1.007069
1.009293
1.006124
1.009553
1.008126
1.009395
1.007608
1.007873
1.007767
1.008295
1.008433
1.008120
1.008559
1.007977
1.007764
1.007362
1.008042
1.009648
1.008578
1.007988
1.007566
1.008648
1.009299
1.007927
1.007579
1.008458
1.008538
1.007425
1.007197
1.008067
1.005979
1.007881
1.007672
1.008456
1.008141
1.007468
1.008369
1.007800
1.008389
1.008938
1.006681
1.008811
1.006927
1.009347
1.008958
1.007847
1.008532
1.008314
1.000000
1.009122
1.008208
1.007579
1.009315
1.008090
1.008106
1.008073
1.008266
1.006965
1.008677
1.007805
1.007462
1.008807
1.007791
1.007724
1.008633
1.007447
1.008499
1.008057
1.007802
1.007365
1.007944
1.007004
1.007316
1.008225
1.000000
1.007636
1.000000
1.008231
1.008290
1.006741
1.007484
1.007235
1.008041
1.007589
1.008954
1.006552
1.007323
1.008716
1.006346
1.007570
1.008612
1.007536
1.007574
1.006317
1.007565
1.008156
1.006377
1.008561
1.007791
1.005948
1.006959
1.007876
1.008397
1.007243
1.008140
1.007086
1.007938
1.008770
1.007976
1.007359
1.007604
1.007726
1.008708
1.008116
1.008383
1.007501
1.007718
1.007042
1.008087
1.007013
1.008887
1.007020
1.006256
1.008378
1.007975
1.006912
1.006831
1.007906
1.008006
1.007417
1.006977
1.006509
1.007247
1.009229
1.007075
