8.000329
4.255200
3.042449
2.462495
2.097434
1.883847
1.728192
1.622945
1.535482
1.470283
1.421890
1.375576
1.337274
1.318978
1.285286
1.272126
1.247262
1.231202
1.218675
1.208994
1.193843
1.182289
1.175863
1.169420
1.159824
1.149420
1.147712
1.141226
1.139480
1.132691
1.126035
1.121494
1.116222
1.114819
1.108875
1.108154
1.103633
1.100925
1.100058
1.095908
1.095097
1.092999
1.088763
1.087724
1.085944
1.082642
1.079292
1.080269
1.074882
1.077352
1.074972
1.073444
1.068464
1.067322
1.067835
1.067034
1.066394
1.066019
1.062122
1.061748
1.062819
1.063725
1.059925
1.057748
1.056500
1.055349
1.055290
1.053197
1.051354
1.053052
1.050612
1.051002
1.050824
1.048697
1.048753
1.048465
1.049311
1.047349
1.044640
1.045075
1.046254
1.045260
1.045656
1.043205
1.043077
1.044201
1.043893
1.042135
1.041022
1.042468
1.040927
1.041232
1.039718
1.037815
1.039117
1.040991
1.038048
1.036800
1.035126
1.033235
1.037963
1.037065
1.036653
1.033723
1.034543
1.032575
1.034645
1.034113
1.032299
1.033379
1.032764
1.031648
1.032850
1.034350
1.032150
1.031529
1.032798
1.029349
1.027689
1.028844
1.000000
1.028105
1.030862
1.028799
1.029679
1.028877
1.027214
1.029711
1.026815
1.030452
1.000000
1.028749
1.028451
1.025203
1.024320
1.030084
1.027898
1.022768
1.028673
1.027545
1.025732
1.027362
1.000000
1.028220
1.026519
1.024128
1.023976
1.022398
1.023111
1.000000
1.026190
1.022927
1.024886
1.025232
1.024520
1.025350
1.021495
1.019402
1.021216
1.019245
1.000000
1.018580
1.020382
1.022648
1.021295
1.023348
1.021372
1.022512
1.022209
1.022886
1.020845
1.022216
1.023013
1.020160
1.019017
1.019666
1.000000
1.022996
1.021146
1.020161
1.018768
1.018952
1.020865
1.020719
1.019741
1.018578
1.019623
1.017303
1.015966
1.017002
1.019235
1.017696
1.016421
1.015442
1.015669
1.018805
1.018791
1.018601
1.018204
1.019274
1.019107
1.019977
1.000000
1.018685
1.017803
1.018747
1.014727
1.017177
1.018320
1.016688
1.015093
1.015630
1.000000
1.019750
1.017608
1.015314
1.013386
1.017181
1.016352
1.017892
1.017321
1.013749
1.016186
1.000000
1.017539
1.000000
1.012959
1.000000
1.016738
1.014286
1.015136
1.017050
1.009955
1.000000
1.014080
1.017471
1.016064
1.015480
1.000000
1.014608
1.000000
1.000000
1.000000
1.000000
1.015138
1.000000
1.015360
1.010322
1.013606
1.013841
1.000000
1.000000
1.014704
1.000000
1.014803
1.016247
1.012831
1.000000
1.014418
1.013751
1.015467
1.015073
1.015437
1.000000
1.013473
1.000000
1.000000
1.000000
1.015069
1.015345
1.013480
1.012716
1.013927
1.000000
1.000000
1.000000
1.000000
1.000000
1.012663
1.010199
1.013103
1.010806
1.012505
1.011240
1.010441
1.015382
1.011995
1.000000
1.012002
1.009321
1.012714
1.010919
1.012376
1.011267
1.012007
1.011244
1.010794
1.000000
1.012611
1.010442
1.000000
1.000000
1.000000
1.013183
1.012644
1.012284
1.012401
1.000000
1.000000
1.011985
1.000000
1.010385
1.014023
1.012478
1.000000
1.009150
1.000000
1.000000
1.012212
1.009834
1.010583
1.000000
1.011781
1.010319
1.011572
1.011893
1.011686
1.012314
1.010208
1.009570
1.012202
1.011256
1.010789
1.009306
1.000000
1.011134
1.008475
1.010328
1.009764
1.000000
1.010445
1.000000
1.000000
1.011242
1.008186
1.009963
1.008907
1.000000
1.010689
1.010092
1.012002
1.012503
1.010334
1.000000
1.009048
1.000000
1.001389
1.010077
1.009949
1.009830
1.000000
1.009451
1.013393
1.000000
1.009960
1.007872
1.000000
1.010323
1.009053
1.000000
1.000000
1.010089
1.008396
1.000000
1.011371
1.011025
1.011569
1.000000
1.013837
1.000000
1.000000
1.000000
1.000000
1.007886
1.009962
1.000000
1.011335
1.008325
1.008629
1.009505
1.008628
1.006700
1.011357
1.008037
1.007884
1.000000
1.010060
1.009044
1.003980
1.007718
1.000000
1.006883
1.000000
1.000000
1.010201
1.009045
1.011688
1.008747
1.000000
1.000000
1.006705
1.008478
1.006524
1.000000
1.000000
1.000000
1.011467
1.007568
1.008916
1.000000
1.008721
1.008912
1.009181
1.000000
1.009702
1.008771
1.008042
1.003676
1.000000
1.007048
1.008620
1.009319
1.010800
1.009176
1.009051
1.000000
1.000000
1.000000
1.006880
1.000000
1.000000
1.005512
1.006520
1.008486
1.000000
1.000000
1.008194
1.000000
1.004274
1.009051
1.000000
1.008854
1.009763
1.007405
1.000000
1.000000
1.000000
1.007557
1.000000
1.000000
1.005711
1.006694
1.005038
1.000000
1.000000
1.003332
1.008340
1.000000
1.000000
1.005499
1.000000
1.000000
1.009450
1.004278
1.000000
1.000000
1.008161
1.000000
1.000000
1.008327
1.007235
1.000000
1.000000
1.000000
1.006327
1.006876
1.000000
1.000000
1.000000
1.006700
1.000000
1.007725
1.007557
1.007229
1.000000
1.008777
1.000000
1.000000
1.000000
1.000000
1.000000
1.000000
1.004538
1.000000
1.000000
1.000000
1.005510
1.005499
1.000000
1.007725
1.005719
1.000000
1.000000
1.000000
1.000000
1.000000
1.000000
1.008343
1.000000
1.004274
1.000000
1.009043
1.000000
1.000000
1.000000
1.000000
1.000000
1.008333
1.000000
1.000000
1.000000
1.000000
1.000000
1.000000
1.007048
1.000000
1.006704
1.000000
1.000000
1.000000
1.000000
1.003332
1.008915
1.000000
1.000000
1.007731
1.006130
1.007715
1.007234
1.007399
1.000000
1.000000
1.006327
1.004793
1.000000
1.009922
1.006133
1.000000
1.000000
1.004264
1.007713
1.000000
1.006885
1.000000
1.000000
1.003665
1.000000
1.000000
1.005276
1.000000
1.007872
1.000000
1.000000
1.000000
1.005503
1.000000
1.008182
1.000000
1.000000
1.000000
1.000000
1.000000
1.000000
1.003677
1.006130
1.000000
1.006321
1.000000
1.000000
1.000000
1.000000
1.007716
1.006698
1.003677
1.007048
1.000000
1.006324
1.005936
1.008335
1.005052
1.000000
1.002959
1.000000
1.000000
1.000000
1.000000
1.006518
1.000000
1.000000
1.000000
1.005722
1.002033
1.003665
1.007563
1.008031
1.000000
1.000000
1.000000
1.000000
1.000000
1.000000
1.003988
1.007400
1.000000
1.006336
1.000000
1.000000
1.000000
1.006121
1.005724
1.000000
1.000000
1.007230
1.000000
1.008372
1.000000
1.000000
1.000000
1.000000
1.000000
1.006695
1.000000
1.000000
1.005928
1.000000
1.007539
1.000000
1.005722
1.000000
1.003332
1.007398
1.000000
1.006872
1.004808
1.000000
1.000000
1.000000
1.005506
1.000000
1.004800
1.000000
1.005288
1.003990
1.004547
1.000000
1.000000
1.000000
1.007235
1.000000
1.006324
1.000000
1.002033
1.005288
1.005276
1.008912
1.002534
1.000000
1.000000
1.000000
1.006128
1.000000
1.000000
1.000000
1.000000
1.000000
1.007372
1.000000
1.000000
1.003665
1.000000
1.000000
1.003975
1.000000
1.000000
1.000000
1.000000
1.002967
1.004278
1.000000
1.006509
1.007560
1.000000
1.000000
1.000000
1.005048
1.000000
1.007562
1.000000
1.000000
1.000000
1.004269
1.000000
1.000000
1.000000
1.000000
1.003342
1.000000
1.000000
1.005925
1.000000
1.000000
1.002534
1.005504
1.000000
1.007063
1.000000
1.003988
1.000000
1.000000
1.000000
1.000000
1.004804
1.000000
1.007715
1.005716
1.000000
1.006509
1.000000
1.000000
1.000000
1.003677
1.000000
1.006868
1.006881
1.000000
1.007220
1.005040
1.003665
1.000000
1.007225
1.000000
1.002033
1.000000
1.004269
1.000000
1.000000
1.000000
1.000000
1.004274
1.005722
1.000000
1.000000
1.006516
1.000000
1.003342
1.005285
1.000000
1.000000
1.000000
1.000000
1.000000
1.007874
1.003332
1.000000
1.000000
1.000000
1.000000
1.000000
1.004797
1.000000
1.003982
1.000000
1.000000
1.000000
1.000000
1.000000
1.000000
1.005042
1.004538
1.003328
1.000000
1.000000
1.000000
1.000000
1.000000
1.000000
1.003975
1.000000
1.005037
1.006321
1.000000
1.000000
1.000000
1.000000
1.000000
1.000000
1.000000
1.006520
1.000000
1.000000
1.000000
1.000000
1.000000
1.004797
1.005711
1.000000
1.004538
1.000000
1.002033
1.002534
1.000000
1.000000
1.004542
1.000000
1.003677
1.005052
1.000000
1.000000
1.000000
1.000000
1.005498
1.000000
1.005272
1.000000
1.005288
1.000000
1.006326
1.000000
1.000000
1.004549
1.000000
1.000000
1.000000
1.000000
1.003985
1.000000
1.000000
1.000000
1.000000
1.003328
1.000000
1.000000
1.000000
1.005052
1.000000
1.000000
1.000000
1.000000
1.000000
1.000000
1.000000
1.000000
1.000000
1.003988
1.000000
1.002545
1.005052
1.000000
1.000000
1.000000
1.006874
1.000000
1.003332
1.000000
1.000000
1.000000
1.000000
1.000000
1.000000
1.002534
1.000000
1.005279
1.003988
1.000000
1.000000
1.000000
1.000000
1.000000
1.004547
1.000000
1.003677
1.000000
1.000000
1.002545
1.000000
1.000000
1.000000
1.000000
1.003339
1.000000
1.000000
1.000000
1.000000
1.003988
1.000000
1.000000
1.002545
1.000000
1.000000
1.000000
1.002959
1.006126
1.000000
1.004278
1.004536
1.000000
1.000000
1.000000
1.000000
1.000000
1.003975
1.000000
1.002033
1.003328
1.000000
1.003975
1.000000
1.000000
1.000000
1.003988
1.000000
1.002033
1.000000
1.003670
1.000000
1.000000
1.002545
1.000000
1.003975
1.000000
1.000000
1.000000
1.003332
1.000000
1.000000
1.005279
1.000000
1.000000
1.000000
1.000000
1.000000
1.004542
1.000000
1.000000
1.005936
1.000000
1.004269
1.000000
1.000000
1.000000
1.000000
1.000000
1.000000
1.000000
1.000000
1.000000
1.000000
1.000000
1.005925
1.003332
1.000000
1.000000
1.000000
1.000000
1.000000
1.000000
1.000000
1.000000
1.000000
1.000000
1.000000
1.000000
1.002534
1.000000
1.000000
1.000000
1.000000
1.000000
1.000000
1.000000
1.002545
1.002033
1.004549
1.000000
1.000000
1.000000
1.000000
1.000000
1.003988
1.000000
1.000000
1.000000
1.004278
1.000000
1.000000
1.000000
1.000000
1.000000
1.000000
1.000000
1.000000
1.000000
1.000000
1.000000
1.000000
1.000000
1.003988
1.004538
1.000000
1.000000
1.000000
1.003670
1.000000
1.000000
1.000000
1.000000
1.002959
1.001389
1.004542
1.000000
1.004536
1.000000
1.000000
1.000000
1.001389
1.000000
1.000000
1.000000
1.000000
1.000000
1.000000
1.000000
1.003332
1.000000
1.000000
1.000000
1.000000
1.000000
1.004538
1.000000
1.000000
1.001389
1.000000
1.000000
1.000000
1.002033
1.000000
1.002545
1.000000
1.000000
1.000000
1.000000
1.000000
1.000000
1.000000
1.000000
1.000000
1.000000
1.000000
1.000000
1.000000
1.001389
1.000000
1.000000
1.000000
1.000000
1.003342
1.000000
1.000000
1.002967
1.000000
1.000000
1.000000
1.004536
1.000000
1.002534
1.000000
1.000000
1.000000
1.000000
1.000000
1.000000
1.000000
1.000000
1.000000
1.001389
1.004804
1.000000
1.000000
1.002967
1.004278
1.003332
1.005288
1.000000
1.000000
1.000000
1.004804
1.000000
1.000000
1.000000
1.000000
1.000000
1.000000
1.000000
1.000000
1.000000
1.000000
1.000000
1.004800
1.001389
1.000000
1.000000
1.004547
1.004534
1.000000
1.000000
1.000000
1.000000
1.000000
1.000000
1.002033
1.002967
1.001389
1.000000
1.000000
1.001389
1.004269
1.000000
1.003677
1.000000
1.000000
1.000000
1.004274
1.000000
1.000000
1.002033
1.000000
1.000000
1.000000
1.000000
1.003975
1.000000
1.003665
1.000000
1.000000
1.003982
1.003677
1.004800
1.000000
1.000000
1.002534
1.000000
1.000000
1.002534
1.000000
1.000000
1.000000
1.000000
1.000000
1.000000
1.002545
1.003988
1.002959
1.000000
1.000000
1.000000
1.002967
1.000000
1.000000
1.000000
1.000000
1.003677
1.003985
1.000000
1.000000
1.000000
1.002959
1.000000
1.000000
1.002967
1.000000
1.000000
1.000000
1.004793
1.004547
1.000000
1.000000
1.001389
1.000000
1.000000
1.000000
1.000000
1.000000
1.003988
1.000000
1.002545
1.000000
1.002959
1.000000
1.000000
1.000000
1.001389
1.000000
1.003977
1.000000
1.000000
1.000000
1.000000
1.000000
1.000000
1.002033
1.000000
1.000000
1.000000
1.000000
1.000000
1.003670
1.000000
1.000000
1.000000
1.000000
1.003977
1.002545
1.000000
1.000000
1.000000
1.000000
1.001389
1.000000
1.004800
1.000000
1.000000
1.000000
1.000000
1.000000
1.000000
1.000000
1.005716
1.000000
1.000000
1.004804
1.000000
1.000000
1.002967
1.000000
1.000000
1.003975
1.000000
1.000000
1.003328
1.000000
1.000000
1.000000
1.000000
1.000000
1.000000
1.000000
1.000000
1.000000
1.000000
1.000000
1.000000
1.000000
1.000000
1.000000
1.000000
1.000000
1.000000
1.000000
1.002033
1.000000
1.000000
1.003665
1.004797
1.000000
1.000000
1.003332
1.000000
1.000000
1.001389
1.000000
1.002033
1.005276
1.000000
1.000000
1.000000
1.000000
1.000000
1.000000
1.004274
1.000000
1.000000
1.000000
1.000000
1.000000
1.000000
1.000000
1.000000
1.000000
1.000000
1.004278
1.000000
1.000000
1.000000
1.000000
1.003677
1.000000
1.000000
1.002534
1.000000
1.003339
1.000000
1.000000
1.001389
1.003332
1.000000
1.000000
1.000000
1.003975
1.000000
1.001389
1.000000
1.002033
1.000000
1.000000
1.000000
1.000000
1.003977
1.000000
1.000000
1.000000
1.000000
1.000000
1.000000
1.003670
1.003990
1.000000
1.000000
1.000000
1.002967
1.000000
1.000000
1.002545
1.000000
1.000000
1.000000
1.000000
1.000000
1.001389
1.000000
1.000000
1.000000
1.000000
1.003339
1.003677
1.000000
1.000000
1.000000
1.000000
1.000000
1.000000
1.000000
1.001389
1.000000
1.002534
1.000000
1.002545
1.000000
1.000000
1.000000
1.000000
1.000000
1.002967
1.000000
1.003332
1.000000
1.000000
1.000000
1.000000
1.000000
1.000000
1.000000
1.000000
1.000000
1.001389
1.002967
1.002545
1.000000
1.000000
1.000000
1.000000
1.000000
1.000000
1.000000
1.000000
1.000000
1.000000
1.003990
1.003677
1.000000
1.000000
1.000000
1.000000
1.000000
1.000000
1.000000
1.000000
1.001389
1.000000
1.001389
1.000000
1.000000
1.002967
1.000000
1.000000
1.002967
1.002534
1.000000
1.000000
1.000000
1.000000
1.002959
1.000000
1.000000
1.000000
1.000000
1.000000
1.000000
1.000000
1.000000
1.000000
1.000000
1.000000
1.000000
1.000000
1.002534
1.004800
1.000000
1.000000
1.000000
1.000000
1.000000
1.000000
1.000000
1.000000
1.000000
1.000000
1.003342
1.000000
1.000000
1.003332
1.000000
1.000000
1.000000
1.000000
1.002033
1.000000
1.000000
1.000000
1.000000
1.000000
1.000000
1.000000
1.000000
1.000000
1.000000
1.000000
1.000000
1.000000
1.000000
1.000000
1.000000
1.002545
1.000000
1.000000
1.000000
1.000000
1.003665
1.000000
1.000000
1.000000
1.000000
1.000000
1.000000
1.000000
1.000000
1.000000
1.004804
1.000000
1.002534
1.000000
1.000000
1.000000
1.000000
1.002967
1.000000
1.000000
1.000000
1.000000
1.000000
1.000000
1.000000
1.000000
1.000000
1.002033
1.000000
1.000000
1.000000
1.000000
1.000000
1.000000
1.000000
1.002033
1.000000
1.000000
1.000000
1.004269
1.000000
1.000000
1.000000
1.000000
1.000000
1.000000
1.000000
1.000000
1.002033
1.002967
1.000000
1.000000
1.000000
1.000000
1.002967
1.002033
1.000000
1.000000
1.000000
1.000000
1.000000
1.002967
1.000000
1.000000
1.002959
1.000000
1.000000
1.002534
1.000000
1.000000
1.002959
1.000000
1.000000
1.000000
1.000000
1.000000
1.000000
1.000000
1.000000
1.002033
1.000000
1.000000
1.000000
1.000000
1.000000
1.000000
1.000000
1.000000
1.000000
1.000000
1.000000
1.000000
1.000000
1.002033
1.000000
1.003342
1.000000
1.000000
1.000000
1.000000
1.000000
1.000000
1.000000
1.000000
1.000000
1.000000
1.000000
1.000000
1.003332
1.000000
1.002033
1.000000
1.002534
1.000000
1.000000
1.000000
1.000000
1.000000
1.000000
1.000000
1.000000
1.002534
1.000000
1.002033
1.000000
1.000000
1.003332
1.000000
1.000000
1.000000
1.000000
1.000000
1.000000
1.001389
1.000000
1.002959
1.000000
1.000000
1.002033
1.000000
1.004538
1.000000
1.000000
1.000000
1.000000
1.000000
1.000000
1.000000
1.000000
1.000000
1.001389
1.000000
1.002534
1.000000
1.000000
1.000000
1.000000
1.000000
1.000000
1.000000
1.000000
1.000000
1.003988
1.000000
1.000000
1.000000
1.000000
1.000000
1.002033
1.000000
1.000000
1.000000
1.000000
1.000000
1.000000
1.000000
1.000000
1.000000
1.000000
1.000000
1.001389
1.000000
1.000000
1.000000
1.000000
1.000000
1.000000
1.000000
1.000000
1.000000
1.000000
1.000000
1.000000
1.000000
1.000000
1.000000
1.000000
1.000000
1.000000
1.002033
1.000000
1.002534
1.000000
1.000000
1.000000
1.000000
1.000000
1.000000
1.000000
1.000000
1.000000
1.000000
1.002033
1.000000
1.000000
1.000000
1.000000
1.000000
1.000000
1.000000
1.000000
1.000000
1.000000
1.000000
1.000000
1.000000
1.000000
1.000000
1.000000
1.000000
1.000000
1.000000
1.000000
1.000000
1.000000
1.000000
1.000000
1.002967
1.000000
1.001389
1.000000
1.000000
1.000000
1.000000
1.000000
1.002033
1.000000
1.000000
1.000000
1.000000
1.000000
1.002545
1.000000
1.003676
1.002033
1.000000
1.000000
1.001389
1.000000
1.000000
1.000000
1.000000
1.000000
1.000000
1.000000
1.000000
1.000000
1.000000
1.000000
1.000000
1.000000
1.000000
1.000000
1.000000
1.000000
1.000000
1.000000
1.002967
1.000000
1.000000
1.000000
1.000000
1.002545
1.000000
1.000000
1.000000
1.000000
1.000000
1.000000
1.000000
1.000000
1.000000
1.000000
1.000000
1.000000
1.002967
1.001389
1.000000
1.000000
1.000000
1.000000
1.000000
1.001389
1.000000
1.000000
1.000000
1.000000
1.002033
1.000000
1.000000
1.000000
1.000000
1.000000
1.000000
1.000000
1.000000
1.000000
1.000000
1.000000
1.002033
1.000000
1.000000
1.000000
1.000000
1.001389
1.001389
1.000000
1.000000
1.000000
1.000000
1.000000
1.000000
1.000000
1.000000
1.000000
1.001389
1.000000
1.000000
1.000000
1.002033
1.000000
1.000000
1.000000
1.001389
1.000000
1.000000
1.000000
1.000000
1.000000
1.002545
1.000000
1.001389
1.000000
1.002033
1.000000
1.000000
1.000000
1.000000
1.002033
1.000000
1.000000
1.000000
1.000000
1.000000
1.000000
1.000000
1.000000
1.000000
1.000000
1.000000
1.000000
1.002967
1.000000
1.000000
1.000000
1.000000
1.002033
1.000000
1.000000
1.000000
1.000000
1.000000
1.000000
1.000000
1.000000
1.000000
1.000000
1.001389
1.000000
1.000000
1.000000
1.000000
1.000000
1.000000
1.006520
1.000000
1.000000
1.000000
1.000000
1.000000
1.000000
1.000000
1.000000
1.000000
1.000000
1.000000
1.002534
1.000000
1.000000
1.000000
1.002545
1.000000
1.000000
1.000000
1.001389
1.000000
1.000000
1.000000
1.000000
1.000000
1.000000
1.000000
1.000000
1.000000
1.002545
1.000000
1.000000
1.000000
1.000000
1.000000
1.000000
1.003676
1.000000
1.000000
1.000000
1.000000
1.003332
1.000000
1.000000
1.000000
1.000000
1.000000
1.000000
1.000000
1.001389
1.000000
1.000000
1.000000
1.000000
1.000000
1.002534
1.002033
1.000000
1.000000
1.002534
1.000000
1.000000
1.000000
1.000000
1.000000
1.000000
1.000000
1.000000
1.000000
1.000000
1.000000
1.000000
1.001389
1.002534
1.000000
1.000000
1.000000
1.000000
1.000000
1.000000
1.000000
1.000000
1.000000
1.000000
1.000000
1.003980
1.000000
1.000000
1.001389
1.000000
1.000000
1.002967
1.000000
1.000000
1.000000
1.000000
1.000000
1.002967
1.002959
1.002967
1.000000
1.000000
1.000000
1.001389
1.000000
1.003328
1.000000
1.000000
1.000000
1.000000
1.000000
1.000000
1.000000
1.000000
1.001389
1.000000
1.002967
1.000000
1.000000
1.000000
1.000000
1.000000
1.000000
1.000000
1.000000
1.000000
1.000000
1.000000
1.000000
1.000000
1.002545
1.002033
1.000000
1.000000
1.000000
1.000000
1.001389
1.000000
1.000000
1.002033
1.001389
1.000000
1.000000
1.000000
1.000000
1.000000
1.000000
1.000000
1.000000
1.000000
1.000000
1.002033
1.002534
1.002959
1.000000
1.000000
1.000000
1.000000
1.000000
1.000000
1.000000
1.003665
1.000000
1.000000
1.000000
1.000000
