16.001127
8.283422
5.672282
4.404168
3.663483
3.128315
2.783473
2.531436
2.322373
2.181938
2.045968
1.943270
1.850050
1.771570
1.721300
1.664089
1.620236
1.571656
1.534871
1.504528
1.479104
1.450423
1.433604
1.407600
1.387719
1.362949
1.350402
1.335677
1.323467
1.307543
1.293608
1.285228
1.273892
1.268539
1.261984
1.252728
1.241754
1.233922
1.230828
1.222033
1.216650
1.209023
1.203637
1.198318
1.196887
1.191759
1.187726
1.182477
1.171167
1.173986
1.167309
1.163363
1.161837
1.158954
1.153277
1.152353
1.148160
1.143588
1.143918
1.141570
1.133855
1.130609
1.135228
1.130934
1.128043
1.125952
1.126731
1.123677
1.119294
1.119820
1.117000
1.116485
1.112560
1.111717
1.109549
1.107848
1.107859
1.103553
1.102157
1.106900
1.098588
1.101265
1.098492
1.095977
1.094675
1.096731
1.093445
1.093884
1.092620
1.088260
1.087456
1.089534
1.086128
1.086977
1.084484
1.083176
1.082011
1.083171
1.078361
1.081176
1.079335
1.079949
1.075701
1.076196
1.078189
1.074432
1.074225
1.074287
1.073374
1.074596
1.073889
1.071998
1.070263
1.070128
1.070224
1.067118
1.070825
1.067966
1.064356
1.063939
1.065400
1.067025
1.066166
1.064393
1.063359
1.061878
1.064922
1.060610
1.061789
1.061953
1.061661
1.058287
1.060333
1.060257
1.061656
1.057650
1.056981
1.056357
1.057812
1.054884
1.054882
1.057406
1.054081
1.055427
1.054796
1.055686
1.053739
1.052530
1.055163
1.053472
1.053922
1.054177
1.052397
1.052878
1.050896
1.049498
1.048904
1.048997
1.050204
1.048871
1.048090
1.048787
1.048178
1.047090
1.046106
1.048108
1.045676
1.045938
1.047317
1.047435
1.046389
1.046385
1.044805
1.045680
1.044375
1.044304
1.044673
1.046777
1.042634
1.043301
1.041710
1.042592
1.040561
1.038447
1.041929
1.041325
1.043396
1.040743
1.041949
1.042111
1.040740
1.042561
1.039962
1.039202
1.041305
1.040969
1.039719
1.038973
1.038664
1.038957
1.038460
1.039917
1.040035
1.039214
1.040354
1.036402
1.038708
1.037395
1.036143
1.036369
1.036886
1.036497
1.037026
1.035993
1.036955
1.035523
1.035059
1.034137
1.034910
1.035737
1.036660
1.033515
1.034350
1.034693
1.035134
1.032940
1.033875
1.035466
1.035570
1.032904
1.033828
1.033475
1.033721
1.034558
1.036081
1.033026
1.032383
1.031434
1.031058
1.031580
1.032267
1.032989
1.031110
1.029116
1.033983
1.031160
1.031850
1.030098
1.031533
1.031609
1.032319
1.030191
1.030564
1.029236
1.028632
1.028247
1.029134
1.031686
1.029969
1.028728
1.031447
1.029462
1.027711
1.029694
1.026461
1.030569
1.029963
1.029607
1.027537
1.028850
1.027172
1.030053
1.027887
1.027743
1.028021
1.030013
1.027056
1.028591
1.028414
1.025950
1.028496
1.027328
1.027027
1.027653
1.026661
1.026723
1.028407
1.026920
1.023509
1.028719
1.027561
1.025840
1.026020
1.025724
1.025131
1.025916
1.026460
1.026283
1.027760
1.025924
1.025486
1.026881
1.026263
1.025626
1.025091
1.025800
1.025182
1.025522
1.026007
1.024857
1.024812
1.025057
1.025058
1.023347
1.022794
1.025242
1.024630
1.024034
1.024404
1.024017
1.023488
1.024798
1.024571
1.022798
1.022326
1.023422
1.023862
1.022908
1.023402
1.025272
1.023653
1.023672
1.022146
1.020051
1.022588
1.024071
1.021921
1.023527
1.023156
1.022584
1.021016
1.022851
1.024605
1.021868
1.021348
1.024733
1.023025
1.022038
1.022055
1.023290
1.022813
1.021136
1.022429
1.023822
1.021622
1.021633
1.021984
1.023047
1.022805
1.020576
1.020926
1.022356
1.021518
1.022216
1.020693
1.021043
1.020342
1.021313
1.022287
1.020490
1.019941
1.021406
1.020038
1.021132
1.020788
1.000000
1.020066
1.018793
1.019712
1.020166
1.017563
1.020652
1.018706
1.020474
1.019096
1.018960
1.018601
1.020154
1.019812
1.019908
1.020620
1.020727
1.018541
1.018674
1.019738
1.020082
1.017883
1.019257
1.021127
1.019558
1.019921
1.018666
1.018501
1.019963
1.019363
1.018841
1.018877
1.017803
1.017627
1.019965
1.020331
1.018395
1.019280
1.016320
1.017569
1.019382
1.017890
1.017797
1.017621
1.019471
1.018280
1.016086
1.018118
1.017302
1.018382
1.016862
1.017224
1.019252
1.016950
1.015778
1.017791
1.016873
1.017972
1.018470
1.017705
1.016744
1.018037
1.016378
1.017412
1.017517
1.018947
1.017123
1.017547
1.017300
1.018273
1.017384
1.016220
1.016238
1.015850
1.015232
1.017420
1.016791
1.017303
1.015675
1.015186
1.017537
1.016773
1.016833
1.016769
1.015653
1.016039
1.014767
1.016631
1.016068
1.019119
1.016088
1.017173
1.016557
1.016748
1.017511
1.018297
1.015251
1.016937
1.016796
1.015051
1.015818
1.016829
1.017407
1.016427
1.017363
1.016132
1.015141
1.015232
1.016719
1.013934
1.013831
1.015754
1.014877
1.017425
1.014975
1.015551
1.000000
1.017000
1.016667
1.015417
1.013968
1.014967
1.015694
1.015696
1.014306
1.015346
1.014247
1.016585
1.016540
1.016190
1.014973
1.013086
1.016246
1.015557
1.015808
1.015404
1.013469
1.016119
1.013901
1.014573
1.014965
1.016461
1.000000
1.013825
1.000000
1.013549
1.014647
1.016765
1.014884
1.016097
1.016127
1.016690
1.000000
1.014463
1.016533
1.014483
1.014241
1.014120
1.012043
1.015385
1.014589
1.014453
1.015984
1.012043
1.013815
1.014660
1.014263
1.013838
1.014201
1.013028
1.014874
1.011349
1.013095
1.013288
1.015117
1.014182
1.013624
1.000000
1.013436
1.015520
1.014785
1.012102
1.000000
1.013146
1.000000
1.013528
1.000000
1.013574
1.012760
1.014265
1.012932
1.014151
1.014476
1.012993
1.012263
1.012961
1.013652
1.012203
1.013378
1.000000
1.013957
1.013098
1.013274
1.010261
1.012351
1.014164
1.010798
1.015188
1.013048
1.014740
1.013533
1.012601
1.014062
1.012515
1.013108
1.011730
1.013584
1.014234
1.013557
1.012783
1.010910
1.014204
1.013441
1.013515
1.000000
1.013618
1.014018
1.011138
1.012267
1.013249
1.013137
1.013645
1.013358
1.000000
1.010911
1.013476
1.013352
1.011427
1.011381
1.010797
1.013179
1.000000
1.012350
1.013410
1.012591
1.011215
1.012884
1.010150
1.012614
1.011351
1.014650
1.012051
1.013929
1.013333
1.010389
1.012357
1.013650
1.013623
1.010869
1.010380
1.008868
1.012097
1.010513
1.011427
1.009046
1.011085
1.012535
1.008829
1.012832
1.000000
1.000000
1.012206
1.010813
1.000000
1.011169
1.010719
1.011938
1.011249
1.011435
1.012555
1.013101
1.011743
1.000000
1.010673
1.000000
1.011518
1.010212
1.011654
1.000000
1.011046
1.000000
1.011634
1.012977
1.010430
1.012579
1.000000
1.011103
1.010927
1.010411
1.012189
1.011873
1.011605
1.000000
1.010979
1.012424
1.000000
1.000000
1.010616
1.010412
1.011437
1.010573
1.009425
1.011738
1.011674
1.013044
1.011364
1.013716
1.011045
1.011246
1.011494
1.010418
1.008611
1.009003
1.010860
1.012421
1.011218
1.010787
1.010956
1.011580
1.010930
1.011351
1.008916
1.011246
1.010496
1.008263
1.010592
1.009535
1.010867
1.000000
1.000000
1.011596
1.012426
1.000000
1.008707
1.010485
1.000000
1.010792
1.010738
1.010732
1.010364
1.000000
1.011638
1.011279
1.009906
1.010466
1.009174
1.010948
1.010392
1.000000
1.010023
1.010207
1.009837
1.000000
1.008258
1.009828
1.012208
1.000000
1.008670
1.010569
1.012331
1.010275
1.008803
1.009239
1.009876
1.009606
1.010618
1.010587
1.009428
1.010087
1.008705
1.009048
1.000000
1.011434
1.009427
1.009040
1.011076
1.011225
1.007343
1.009901
1.010268
1.009890
1.000000
1.009022
1.010861
1.010357
1.008185
1.000000
1.010081
1.009347
1.009297
1.011090
1.010450
1.010207
1.011030
1.000000
1.007320
1.009436
1.006569
1.000000
1.008778
1.010942
1.008696
1.000000
1.008105
1.008616
1.009520
1.010447
1.000000
1.007719
1.008553
1.010259
1.007966
1.011218
1.007804
1.009179
1.000000
1.010355
1.009939
1.011179
1.008696
1.008408
1.009093
1.009858
1.009188
1.008229
1.010836
1.000000
1.009935
1.010176
1.000000
1.000000
1.008668
1.010776
1.008985
1.008858
1.007405
1.010911
1.008619
1.011704
1.007950
1.009018
1.010920
1.009480
1.000000
1.007703
1.009308
1.010208
1.008844
1.008416
1.000000
1.008981
1.000000
1.010063
1.008375
1.009512
1.008119
1.000000
1.006131
1.009822
1.008548
1.008259
1.009307
1.008463
1.008777
1.008991
1.009893
1.010820
1.000000
1.008855
1.008692
1.007526
1.000000
1.010553
1.008898
1.007370
1.010162
1.008835
1.010263
1.010539
1.008326
1.009570
1.000000
1.000000
1.006409
1.000000
1.008533
1.007959
1.008233
1.008342
1.007876
1.010368
1.009116
1.010105
1.009956
1.000000
1.008432
1.009227
1.007179
1.006800
1.008268
1.007989
1.010776
1.007928
1.008619
1.008101
1.009421
1.008788
1.000000
1.000000
1.007727
1.008746
1.009708
1.008240
1.007304
1.000000
1.008838
1.007477
1.009889
1.010009
1.000000
1.008256
1.007432
1.009330
1.009644
1.000000
1.008326
1.006517
1.006419
1.007227
1.000000
1.000000
1.007139
1.009572
1.007721
1.000000
1.009638
1.007475
1.008784
1.008706
1.008033
1.008084
1.000000
1.000000
1.000000
1.008972
1.008940
1.000000
1.011437
1.008085
1.000000
1.008688
1.008849
1.000000
1.009222
1.008184
1.000000
1.008186
1.008998
1.009079
1.008620
1.006596
1.007211
1.000000
1.008922
1.007590
1.007634
1.009256
1.008037
1.007425
1.008412
1.008617
1.006654
1.006789
1.008648
1.006417
1.000000
1.000000
1.007649
1.008563
1.005931
1.007149
1.007635
1.000000
1.000000
1.007765
1.007727
1.009881
1.000000
1.007044
1.008091
1.009692
1.005820
1.000000
1.000000
1.000000
1.010071
1.007808
1.006707
1.007632
1.006327
1.005826
1.007480
1.007516
1.005822
1.007376
1.000000
1.006514
1.006634
1.007562
1.006790
1.000000
1.006965
1.008841
1.005696
1.008053
1.007390
1.000000
1.007234
1.008755
1.007449
1.000000
1.008851
1.006521
1.005010
1.008124
1.007798
1.010050
1.000000
1.000000
1.006413
1.000000
1.005824
1.000000
1.007791
1.000000
1.004274
1.008419
1.007475
1.006227
1.006964
1.000000
1.008871
1.007020
1.007559
1.008328
1.000000
1.006601
1.000000
1.008107
1.007998
1.009309
1.006516
1.008101
1.000000
1.007142
1.009115
1.007175
1.006514
1.007314
1.006869
1.007482
1.000000
1.007473
1.007367
1.007488
1.008284
1.008030
1.000000
1.007884
1.006053
1.006575
1.000000
1.008414
1.007878
1.006808
1.007840
1.005825
1.007181
1.005506
1.007994
1.006132
1.005038
1.000000
1.007551
1.008257
1.008550
1.006101
1.007065
1.006426
1.007484
1.008117
1.006794
1.007880
1.007311
1.006321
1.005817
1.006969
1.007061
1.000000
1.006519
1.008127
1.000000
1.007928
1.007198
1.006587
1.008256
1.008900
1.006973
1.007962
1.006038
1.007472
1.000000
1.006614
1.007363
1.000000
1.008255
1.004804
1.007961
1.000000
1.007100
1.007082
1.005272
1.005827
1.008116
1.000000
1.007387
1.009111
1.005828
1.006794
1.007228
1.007393
1.007563
1.005573
1.000000
1.006789
1.005171
1.007224
1.006155
1.000000
1.006706
1.006396
1.004916
1.006853
1.005608
1.007638
1.004918
1.006789
1.004271
1.000000
1.005964
1.005096
1.005166
1.004797
1.000000
1.005396
1.006032
1.008133
1.006122
1.003500
1.000000
1.005618
1.006558
1.000000
1.007064
1.007516
1.000000
1.007566
1.006602
1.004676
1.005987
1.000000
1.000000
1.006758
1.005927
1.007827
1.007882
1.005129
1.005722
1.005043
1.006332
1.000000
1.000000
1.004675
1.006034
1.000000
1.007065
1.006038
1.004355
1.006036
1.006784
1.000000
1.000000
1.006317
1.005879
1.006127
1.000000
1.008086
1.006023
1.006791
1.007063
1.006012
1.007724
1.007883
1.006426
1.000000
1.000000
1.005828
1.005099
1.007048
1.008365
1.007463
1.005818
1.000933
1.007237
1.005049
1.000000
1.007372
1.005513
1.000000
1.005052
1.004929
1.000000
1.005193
1.000000
1.000000
1.000000
1.006975
1.004668
1.006140
1.005159
1.000000
1.000000
1.004630
1.007063
1.006329
1.006197
1.000000
1.006518
1.008412
1.000000
1.006508
1.006607
1.000000
1.007312
1.004927
1.005272
1.000000
1.005824
1.006338
1.008438
1.000000
1.007141
1.005606
1.000000
1.006519
1.004278
1.005538
1.000000
1.000000
1.004706
1.007353
1.006617
1.006614
1.005605
1.006434
1.006313
1.006385
1.000000
1.008042
1.005687
1.005493
1.004824
1.005924
1.000000
1.007880
1.000000
1.005620
1.005961
1.006073
1.007304
1.006710
1.006742
1.005450
1.000000
1.006126
1.005828
1.000000
1.004274
1.002754
1.006963
1.006193
1.003498
1.005047
1.000000
1.005499
1.001736
1.000000
1.004675
1.007143
1.005513
1.007638
1.004274
1.002540
1.006169
1.007635
1.000000
1.000000
1.005277
1.007299
1.002762
1.006326
1.007148
1.006276
1.005402
1.000000
1.007001
1.000000
1.005397
1.000000
1.000000
1.006125
1.000000
1.006757
1.000000
1.006236
1.000000
1.000000
1.000000
1.002033
1.004795
1.008031
1.006495
1.004276
1.000000
1.007463
1.003500
1.006257
1.006229
1.004544
1.004129
1.003826
1.007140
1.000000
1.000000
1.004922
1.004969
1.000000
1.006138
1.006427
1.000000
1.000000
1.003828
1.004806
1.005139
1.005274
1.006788
1.005164
1.004551
1.007146
1.004265
1.000000
1.002749
1.000000
1.005711
1.005616
1.007844
1.000000
1.006508
1.001389
1.005171
1.000000
1.000000
1.004918
1.004681
1.004276
1.002967
1.007589
1.005610
1.004064
1.006036
1.000000
1.003827
1.007417
1.000000
1.006405
1.004260
1.000000
1.004925
1.005395
1.004545
1.000000
1.004810
1.004120
1.000000
1.000000
1.003831
1.006968
1.000000
1.000000
1.005127
1.005722
1.004280
1.000000
1.005503
1.005283
1.005503
1.000000
1.004924
1.002757
1.000000
1.003977
1.005937
1.000000
1.004902
1.005864
1.004414
1.006137
1.003506
1.000000
1.000000
1.006029
1.004126
1.004927
1.006369
1.000000
1.004538
1.005169
1.004419
1.000000
1.005618
1.005050
1.006136
1.000000
1.001389
1.006322
1.006571
1.004385
1.004271
1.004249
1.005997
1.006516
1.000000
1.006424
1.003342
1.005201
1.005512
1.005605
1.000000
1.004679
1.000000
1.003975
1.000000
1.005500
1.000000
1.000000
1.000000
1.006326
1.005509
1.000000
1.000000
1.007397
1.005189
1.004931
1.000000
1.000000
1.003833
1.004326
1.004929
1.000000
1.006229
1.005434
1.004536
1.000000
1.005943
1.003834
1.005825
1.000000
1.000000
1.000000
1.004806
1.006965
1.000000
1.003626
1.006800
1.007146
1.004918
1.006022
1.000000
1.003154
1.002540
1.006976
1.004274
1.000000
1.000000
1.000000
1.006706
1.004668
1.005718
1.000000
1.000000
1.004918
1.005385
1.000000
1.000000
1.000000
1.000000
1.006514
1.000000
1.006427
1.000000
1.002033
1.000000
1.004680
1.000000
1.004276
1.002749
1.004538
1.005499
1.002033
1.000000
1.003617
1.004666
1.004644
1.005500
1.000000
1.000000
1.006108
1.003158
1.004799
1.005826
1.004271
1.001736
1.006088
1.005834
1.004793
1.004799
1.001389
1.000000
1.000000
1.006320
1.000000
1.000000
1.004276
1.005113
1.004801
1.004844
1.004251
1.000000
1.003677
1.000000
1.000000
1.004534
1.000000
1.005723
1.000000
1.003332
1.003158
1.000000
1.000000
1.000000
1.006308
1.005726
1.005158
1.005835
1.003677
1.005037
1.005078
1.000000
1.000000
1.005560
1.004226
1.000000
1.000000
1.000000
1.004676
1.000000
1.006031
1.000000
1.000000
1.003834
1.000000
1.000000
1.005325
1.004933
1.004134
1.004730
1.000000
1.005049
1.006366
1.005037
1.005618
1.000000
1.000000
1.004265
1.000000
1.006038
1.000000
1.000000
1.004740
1.004536
1.005980
1.000000
1.000000
1.004123
1.005618
1.003668
1.000000
1.003671
1.004676
1.000000
1.003488
1.005722
1.004799
1.002540
1.000000
1.003335
1.000000
1.000000
1.007231
1.002762
1.003805
1.000000
1.005581
1.000000
1.005177
1.003826
1.005042
1.001389
1.000000
1.004278
1.004374
1.004920
1.005160
1.000000
1.000000
1.003680
1.001736
1.005098
1.000000
1.000000
1.000000
1.000000
1.005509
1.000000
1.000000
1.000000
1.004418
1.000000
1.000000
1.005113
1.007129
1.000000
1.005997
1.004666
1.003990
1.000000
1.000000
1.000000
1.000000
1.000000
1.005171
1.000000
1.005609
1.002534
1.003339
1.003975
1.000000
1.003822
1.004549
1.004570
1.005831
1.004682
1.003680
1.000000
1.004406
1.000000
1.002540
1.003150
1.004671
1.004134
1.004669
1.004927
1.002762
1.000000
1.000000
1.000000
1.000000
1.000000
1.004538
1.000000
1.000000
1.003980
1.000000
1.000000
1.003985
1.004271
1.004547
1.000000
1.007031
1.005037
1.006224
1.004269
1.005494
1.004269
1.000000
1.007218
1.000000
1.004802
1.005448
1.000000
1.000000
1.000000
1.000000
1.004482
1.000000
1.005262
1.006611
1.005507
1.003977
1.000000
1.003146
1.003335
1.000000
1.004137
1.000000
1.005385
1.000000
1.004810
1.000000
1.000000
1.004129
1.000000
1.000000
1.005606
1.000000
1.003680
1.000000
1.000000
1.002298
1.000000
1.000000
1.002959
1.000000
1.005276
1.005050
1.003677
1.001747
1.000000
1.002757
1.000000
1.003485
1.005038
1.004082
1.000000
1.004269
1.004278
1.000000
1.004551
1.005429
1.000000
1.000000
1.000000
1.000000
1.004852
1.003674
1.000000
1.000000
1.000000
1.002041
1.000000
1.000000
1.005822
1.000000
1.005621
1.000000
1.003144
1.004274
1.002762
1.004797
1.003975
1.000000
1.000000
1.000000
1.003671
1.000000
1.004795
1.000933
1.003158
1.000000
1.000000
1.005273
1.003471
1.003339
1.000000
1.004924
1.000000
1.006026
1.006140
1.000000
1.004931
1.002534
1.001736
1.004134
1.005044
1.005506
1.000000
1.003822
1.003668
1.000000
1.005878
1.000000
1.000000
1.003501
1.004927
1.000000
1.003828
1.004540
1.000000
1.000000
1.000000
1.000000
1.000000
1.000000
1.000000
1.000000
1.000000
1.000000
1.000000
1.003831
1.003674
1.000000
1.004540
1.004846
1.005914
1.004931
1.005042
1.003332
1.003980
1.000000
1.000000
1.002298
1.000000
1.000000
1.005390
1.004810
1.000000
1.000000
1.003506
1.000000
1.000000
1.002298
1.005831
1.000000
1.000000
1.002954
1.000000
1.000000
1.003831
1.003514
1.003342
1.000000
1.000000
1.002033
1.003674
1.000000
1.000000
1.004264
1.004540
1.004524
1.005499
1.000000
1.005156
1.005820
1.001389
1.005037
1.000933
1.000000
1.004773
1.000000
1.004878
1.001736
1.000000
1.000000
1.004400
1.002534
1.000000
1.003154
1.000000
1.000000
1.000000
1.000000
1.002963
1.000000
1.000000
1.000000
1.000000
1.002754
1.004799
1.004265
1.002967
1.000000
1.000000
1.005158
1.005429
1.003342
1.004810
1.003603
1.004134
1.000000
1.003990
1.004271
1.000000
1.004120
1.000000
1.000000
1.003975
1.000000
1.002967
1.000000
1.000000
1.004853
1.000000
1.004795
1.004778
1.002545
1.003335
1.003339
1.003671
1.000000
1.005937
1.004668
1.002959
1.000000
1.003154
1.000000
1.005657
1.000000
1.002749
1.005305
1.003828
1.003990
1.000000
1.000000
1.004464
1.000000
1.000000
1.000000
1.004276
1.000000
1.004931
1.000000
1.003498
1.004538
1.000000
1.000000
1.003954
1.000000
1.000000
1.004666
1.003665
1.000000
1.003838
1.004810
1.003123
1.000000
1.000000
1.005014
1.000000
1.001736
1.003314
1.001736
1.000000
1.000000
1.000000
1.000000
1.003154
1.003506
1.004671
1.000000
1.004129
1.000000
1.004492
1.004916
1.004795
1.004592
1.004419
1.000000
1.003977
1.000000
1.002305
1.004682
1.004093
1.000000
1.004100
1.004676
1.004271
1.003668
1.004410
1.002305
1.000000
1.002545
1.003500
1.004810
1.003332
1.004342
1.003825
1.000000
1.003503
1.004129
1.003154
1.003828
1.000000
1.000000
1.001389
1.000000
1.002305
1.000000
1.000000
1.000000
1.000000
1.000000
1.003335
1.000000
1.002959
1.000000
1.000000
1.001736
1.003146
1.004128
1.002963
1.000000
1.002033
1.000000
1.000000
1.000000
1.002762
1.004680
1.004416
1.000000
1.000000
1.004749
1.000000
1.003929
1.002967
1.004410
1.003335
1.002959
1.003339
1.002545
1.000000
1.003332
1.003332
1.000000
1.004682
1.003304
1.000000
1.004136
1.004540
1.004402
1.000000
1.002540
1.000000
1.005251
