64.100060
32.274297
21.909801
16.751398
13.262142
11.052418
9.550621
8.620277
7.640534
6.898060
6.290179
5.861785
5.454275
5.103732
4.802981
4.524758
4.285088
4.089854
3.931686
3.743020
3.597460
3.479917
3.349231
3.226594
3.132328
3.047402
2.949301
2.872647
2.783396
2.727338
2.664730
2.604644
2.556711
2.487092
2.431688
2.395490
2.346248
2.298489
2.267400
2.226313
2.201671
2.160589
2.125782
2.102265
2.058823
2.041087
2.005750
1.984810
1.957973
1.935657
1.913787
1.894977
1.877897
1.850379
1.831297
1.816054
1.806685
1.787361
1.767418
1.754017
1.743678
1.721901
1.706112
1.695734
1.683685
1.670141
1.659081
1.648797
1.641926
1.622399
1.615078
1.606808
1.590354
1.592904
1.578837
1.563975
1.561153
1.545766
1.544337
1.529491
1.522615
1.517104
1.509810
1.502044
1.493306
1.483038
1.479514
1.472141
1.469699
1.464439
1.452894
1.446981
1.443161
1.439492
1.434207
1.425341
1.422274
1.417267
1.411715
1.403434
1.405191
1.399747
1.395055
1.388092
1.382449
1.381492
1.375552
1.371358
1.363249
1.362189
1.357652
1.352980
1.351005
1.347140
1.340112
1.341188
1.341898
1.336122
1.329608
1.326711
1.322672
1.320676
1.318735
1.314530
1.313953
1.310206
1.306080
1.303539
1.298135
1.297369
1.297923
1.290873
1.291587
1.285979
1.283097
1.280635
1.280186
1.278221
1.275665
1.275287
1.273151
1.269551
1.264961
1.266378
1.264574
1.258946
1.258256
1.254137
1.251807
1.251314
1.250895
1.248823
1.245864
1.247048
1.244948
1.241869
1.240263
1.234977
1.237395
1.234378
1.232821
1.231222
1.228492
1.228221
1.226502
1.225329
1.226072
1.220753
1.220060
1.217248
1.216963
1.217075
1.216589
1.215680
1.213262
1.210552
1.209044
1.208956
1.205073
1.206164
1.204336
1.203769
1.203431
1.198256
1.197373
1.196704
1.193496
1.193729
1.197882
1.192126
1.192530
1.189648
1.191141
1.187551
1.186262
1.184374
1.187524
1.184004
1.181856
1.182935
1.182166
1.181278
1.177230
1.179592
1.178351
1.173804
1.176319
1.173936
1.173328
1.171837
1.170705
1.171279
1.170517
1.169380
1.167335
1.169207
1.167380
1.165036
1.166194
1.162292
1.161752
1.162423
1.162239
1.161129
1.160100
1.157655
1.158082
1.157006
1.157664
1.157804
1.154869
1.153898
1.152255
1.149738
1.152656
1.149301
1.151386
1.150270
1.147389
1.147252
1.146928
1.147915
1.145635
1.146584
1.145451
1.143265
1.144174
1.143892
1.143081
1.139004
1.140622
1.139642
1.140265
1.138733
1.139249
1.138534
1.141455
1.138435
1.136682
1.136786
1.136257
1.134721
1.132561
1.132744
1.133591
1.131655
1.129588
1.131014
1.129180
1.129205
1.129705
1.130933
1.128367
1.128147
1.129110
1.128049
1.124876
1.123364
1.125700
1.127689
1.123584
1.124373
1.124446
1.122325
1.124045
1.123358
1.121317
1.121768
1.120512
1.121296
1.119857
1.119078
1.118831
1.117900
1.119306
1.117072
1.117661
1.116779
1.117158
1.117141
1.114469
1.116026
1.113569
1.113847
1.113558
1.112789
1.114428
1.114163
1.112225
1.112593
1.112902
1.110526
1.110379
1.109676
1.111379
1.109680
1.107371
1.107576
1.108448
1.108861
1.107487
1.108488
1.105694
1.105625
1.104217
1.104961
1.106035
1.105685
1.104493
1.104644
1.101947
1.102185
1.102537
1.103012
1.104518
1.101573
1.100579
1.102124
1.101530
1.101832
1.102257
1.099972
1.100347
1.099371
1.099935
1.098453
1.097614
1.100091
1.098440
1.099838
1.097711
1.099991
1.096990
1.096768
1.095789
1.096567
1.096801
1.096748
1.093215
1.093089
1.095607
1.095972
1.093374
1.095778
1.094640
1.094285
1.094347
1.092024
1.094177
1.093864
1.092586
1.090953
1.092103
1.091852
1.090684
1.091748
1.090299
1.091010
1.091551
1.091074
1.090826
1.089632
1.088518
1.089349
1.087558
1.090375
1.087176
1.087556
1.087115
1.088730
1.087719
1.087954
1.086039
1.087009
1.085805
1.085568
1.083782
1.084678
1.086653
1.085857
1.086065
1.085323
1.084663
1.085841
1.082785
1.085823
1.084041
1.084774
1.081545
1.084174
1.082465
1.082119
1.082280
1.081892
1.081532
1.081180
1.080877
1.081776
1.081835
1.080504
1.082269
1.079054
1.078250
1.078509
1.079888
1.079589
1.079790
1.080587
1.077669
1.077721
1.077949
1.077533
1.078488
1.076178
1.078564
1.077663
1.077480
1.078429
1.076779
1.076817
1.078491
1.076186
1.078403
1.075398
1.076787
1.074024
1.075930
1.075097
1.075366
1.074963
1.072997
1.073437
1.072837
1.075926
1.074449
1.074468
1.074015
1.073634
1.074374
1.074052
1.074521
1.073842
1.073645
1.074012
1.070667
1.072882
1.073075
1.073227
1.071544
1.072505
1.071737
1.071211
1.070988
1.072574
1.072276
1.070966
1.070633
1.069212
1.069228
1.069925
1.072117
1.070250
1.070303
1.068127
1.068516
1.069840
1.068752
1.068583
1.067477
1.068603
1.069089
1.068522
1.070050
1.066195
1.066925
1.067635
1.068875
1.067773
1.068028
1.065308
1.068782
1.067996
1.067501
1.065229
1.065151
1.064123
1.065349
1.064871
1.065341
1.066265
1.066282
1.065300
1.066455
1.065649
1.064497
1.065750
1.063487
1.064862
1.062695
1.063716
1.062301
1.064966
1.062473
1.063969
1.063010
1.061197
1.064841
1.063061
1.062947
1.064106
1.061183
1.062547
1.063117
1.063669
1.062067
1.061555
1.063368
1.063442
1.062051
1.060943
1.062270
1.061967
1.062296
1.061859
1.061408
1.062914
1.060939
1.061826
1.060599
1.060539
1.061863
1.059847
1.060120
1.059012
1.059620
1.059424
1.060722
1.060184
1.060875
1.058650
1.059316
1.059473
1.059210
1.058051
1.058863
1.059488
1.058485
1.059331
1.058243
1.059235
1.055846
1.058012
1.059966
1.057291
1.057398
1.055131
1.057589
1.056738
1.058608
1.056154
1.057679
1.056780
1.057178
1.058273
1.057521
1.056978
1.055885
1.056813
1.058303
1.054788
1.056487
1.056318
1.054755
1.055447
1.056947
1.054887
1.055591
1.056884
1.054904
1.055004
1.054971
1.055019
1.054026
1.055593
1.055022
1.052722
1.054409
1.054553
1.054811
1.054433
1.053370
1.054642
1.054941
1.055608
1.052639
1.054506
1.053220
1.053902
1.053881
1.055193
1.054763
1.053600
1.053978
1.052250
1.051867
1.051994
1.054438
1.054648
1.051813
1.052060
1.050730
1.052347
1.052415
1.052453
1.049500
1.050084
1.052202
1.053897
1.050686
1.051758
1.050402
1.052339
1.052181
1.051328
1.050253
1.050136
1.051288
1.050833
1.050391
1.050148
1.050464
1.050618
1.050998
1.051788
1.049924
1.051021
1.050621
1.048574
1.050783
1.049327
1.050605
1.050677
1.051189
1.051323
1.049331
1.049995
1.049568
1.048765
1.048672
1.048783
1.048102
1.049274
1.049445
1.049552
1.049207
1.049289
1.051757
1.048374
1.047981
1.049386
1.049471
1.049876
1.048330
1.048525
1.046791
1.048000
1.047819
1.048199
1.049200
1.048811
1.047637
1.047577
1.046639
1.048407
1.046411
1.046751
1.046226
1.048264
1.047149
1.045880
1.046993
1.047265
1.048302
1.047727
1.046629
1.045669
1.045561
1.045975
1.046491
1.047846
1.045573
1.045710
1.046375
1.048072
1.046636
1.044353
1.045054
1.045754
1.046342
1.045857
1.045287
1.046582
1.046262
1.045397
1.045596
1.043754
1.045569
1.044640
1.045941
1.044369
1.043755
1.045869
1.045144
1.044461
1.043664
1.044339
1.045600
1.044310
1.044004
1.044605
1.043901
1.045325
1.044487
1.044103
1.042499
1.044534
1.044765
1.042542
1.043431
1.043252
1.042776
1.044735
1.044185
1.043454
1.043861
1.044263
1.044012
1.043658
1.043468
1.043919
1.042396
1.043202
1.043252
1.042979
1.043088
1.044497
1.043088
1.042802
1.042884
1.043817
1.041285
1.041892
1.043369
1.040876
1.042926
1.042807
1.041853
1.041130
1.040850
1.043020
1.041454
1.041691
1.041308
1.041505
1.041876
1.040550
1.041055
1.040241
1.041173
1.039780
1.041943
1.041707
1.041099
1.040786
1.041493
1.041396
1.041127
1.041277
1.040980
1.041863
1.040824
1.041068
1.040346
1.039909
1.040505
1.040317
1.041055
1.039482
1.040258
1.038863
1.040722
1.040735
1.041128
1.040354
1.039535
1.040208
1.039631
1.042049
1.040411
1.041424
1.039309
1.040122
1.039187
1.039916
1.041065
1.038893
1.039441
1.040093
1.037912
1.039303
1.039367
1.039854
1.040564
1.038636
1.039773
1.039425
1.039522
1.037475
1.039354
1.037458
1.040517
1.038582
1.037847
1.037386
1.037540
1.038041
1.039854
1.039177
1.039345
1.037316
1.038803
1.038946
1.038536
1.038464
1.039364
1.037559
1.039136
1.038001
1.038454
1.038147
1.036536
1.037866
1.037508
1.037182
1.039046
1.038199
1.038598
1.036495
1.038749
1.037575
1.037051
1.037705
1.038178
1.038226
1.037183
1.037538
1.037376
1.037402
1.036857
1.037311
1.037824
1.036620
1.037533
1.036131
1.037076
1.036887
1.036238
1.035935
1.037080
1.036553
1.037512
1.036437
1.035317
1.035831
1.037274
1.036100
1.036423
1.035351
1.034818
1.036585
1.036474
1.035284
1.036902
1.036508
1.036273
1.036087
1.038300
1.036986
1.036669
1.036696
1.034215
1.035292
1.035050
1.034740
1.035435
1.036727
1.035110
1.034774
1.035543
1.036083
1.035643
1.035129
1.034868
1.035183
1.035317
1.035020
1.035843
1.035295
1.035506
1.034983
1.035629
1.034380
1.034616
1.035326
1.035085
1.035110
1.033216
1.035122
1.035230
1.034662
1.034093
1.033439
1.034356
1.035010
1.035034
1.034844
1.032838
1.034063
1.034102
1.035234
1.034555
1.034986
1.035343
1.034056
1.034970
1.034215
1.034009
1.033918
1.035235
1.033483
1.032818
1.033246
1.034680
1.035221
1.033628
1.031982
1.033232
1.032009
1.031464
1.032712
1.032941
1.034041
1.033056
1.032789
1.034048
1.033610
1.032904
1.033782
1.031179
1.033685
1.032082
1.033044
1.033015
1.033957
1.033992
1.032424
1.032456
1.033963
1.033029
1.032600
1.032307
1.033078
1.032582
1.033451
1.033237
1.034168
1.032705
1.033906
1.031490
1.031422
1.031693
1.031881
1.032828
1.031190
1.031858
1.031963
1.033059
1.032973
1.031910
1.033299
1.033345
1.032000
1.031529
1.032311
1.032635
1.031441
1.032287
1.032046
1.031603
1.030428
1.032682
1.032598
1.030699
1.030980
1.032465
1.030967
1.032180
1.030944
1.031498
1.030448
1.031627
1.030921
1.032430
1.032060
1.030589
1.032377
1.032178
1.030964
1.031990
1.030428
1.029167
1.030243
1.030431
1.031510
1.030275
1.031230
1.030379
1.030256
1.029551
1.031353
1.030410
1.032077
1.031433
1.031120
1.029925
1.031052
1.030177
1.030800
1.030447
1.030132
1.030346
1.030868
1.030400
1.030479
1.030704
1.029414
1.030315
1.030323
1.030514
1.030551
1.031491
1.029843
1.029288
1.030406
1.029598
1.028887
1.030311
1.030064
1.030207
1.030784
1.029548
1.029832
1.030025
1.029902
1.030930
1.030133
1.030320
1.030309
1.029939
1.029458
1.029954
1.029552
1.029117
1.029225
1.028762
1.029379
1.030284
1.029030
1.029198
1.028777
1.030960
1.028852
1.030387
1.028482
1.030019
1.028749
1.028341
1.029555
1.028544
1.030082
1.029300
1.030063
1.029485
1.027965
1.028571
1.029176
1.028090
1.030016
1.028616
1.028962
1.028330
1.028943
1.029603
1.029191
1.029767
1.027633
1.028993
1.028455
1.028730
1.028184
1.027840
1.029158
1.028659
1.029145
1.028941
1.028164
1.028610
1.028376
1.029325
1.028731
1.028274
1.027759
1.027396
1.027833
1.028552
1.029845
1.026475
1.028986
1.028926
1.028266
1.028086
1.028777
1.028220
1.028005
1.028709
1.027609
1.029303
1.026749
1.028893
1.027061
1.028179
1.028179
1.028836
1.028024
1.027424
1.027571
1.027771
1.026795
1.027084
1.027689
1.024975
1.026532
1.027141
1.027861
1.027284
1.027824
1.027982
1.027866
1.026885
1.027965
1.028147
1.028331
1.027365
1.026965
1.027590
1.026376
1.028148
1.028307
1.027112
1.027296
1.027473
1.026825
1.027860
1.027100
1.026909
1.025601
1.026416
1.026194
1.026712
1.026714
1.027588
1.025768
1.026304
1.027982
1.026676
1.026405
1.028227
1.028247
1.025168
1.026259
1.026024
1.027202
1.028170
1.026546
1.026804
1.027421
1.026319
1.025362
1.026885
1.026996
1.025774
1.026702
1.028060
1.027079
1.025953
1.025351
1.025752
1.026172
1.026371
1.027834
1.025591
1.026296
1.027061
1.025476
1.025679
1.024784
1.026674
1.026387
1.025927
1.026963
1.025833
1.026967
1.025636
1.026351
1.025503
1.026061
1.025936
1.026860
1.025560
1.025599
1.026462
1.027106
1.026668
1.025296
1.025211
1.026281
1.027705
1.026284
1.027059
1.026226
1.026529
1.025701
1.025858
1.026066
1.025462
1.025825
1.024884
1.026540
1.025971
1.025121
1.025590
1.025205
1.026521
1.025547
1.024841
1.024651
1.024662
1.025410
1.024831
1.026186
1.025975
1.026078
1.024879
1.025194
1.025191
1.024382
1.025386
1.024984
1.025527
1.026688
1.024661
1.025324
1.024471
1.023328
1.024117
1.024341
1.025000
1.026041
1.024754
1.025064
1.025183
1.024744
1.025040
1.025315
1.024999
1.026665
1.024486
1.024218
1.023750
1.024960
1.024841
1.025387
1.024810
1.024931
1.024888
1.023658
1.023903
1.026044
1.024330
1.023618
1.024134
1.023568
1.023767
1.024541
1.024169
1.023387
1.024126
1.025119
1.024164
1.024637
1.024364
1.024176
1.024069
1.025988
1.024493
1.025446
1.024522
1.025237
1.024167
1.024951
1.024623
1.024102
1.025199
1.022785
1.024266
1.023186
1.023925
1.023068
1.023960
1.024434
1.024397
1.024006
1.023452
1.024340
1.022611
1.023218
1.021929
1.022593
1.024075
1.023830
1.022786
1.023508
1.023437
1.023833
1.024411
1.023962
1.022766
1.024328
1.022893
1.023958
1.023091
1.023368
1.023667
1.023303
1.022785
1.023417
1.023626
1.023919
1.022300
1.023271
1.022891
1.023274
1.022671
1.022733
1.023595
1.023305
1.023791
1.023945
1.024619
1.024702
1.022791
1.024039
1.022043
1.023361
1.022906
1.024760
1.023184
1.022491
1.022270
1.021916
1.023021
1.023121
1.022584
1.023373
1.021981
1.022671
1.022544
1.022702
1.022713
1.022280
1.023112
1.023460
1.024650
1.023932
1.022141
1.022851
1.022280
1.022797
1.023014
1.023148
1.021957
1.021541
1.022207
1.021658
1.023588
1.021939
1.021540
1.023536
1.023076
1.022301
1.022696
1.022145
1.022614
1.021828
1.023522
1.022672
1.021514
1.021631
1.022046
1.022651
1.022200
1.021376
1.023148
1.023495
1.022547
1.022728
1.021859
1.022099
1.021791
1.020957
1.022154
1.022339
1.021880
1.022190
1.022582
1.021787
1.021872
1.022723
1.021927
1.021795
1.021345
1.022593
1.021279
1.021813
1.021729
1.022163
1.021984
1.022336
1.022580
1.021255
1.021339
1.021993
1.022243
1.021889
1.021579
1.022304
1.021700
1.021898
1.022001
1.021007
1.021927
1.021762
1.022478
1.022460
1.021068
1.021716
1.021888
1.020893
1.019988
1.021888
1.021537
1.020768
1.020666
1.020593
1.021897
1.021721
1.022305
1.022523
1.022402
1.021437
1.022213
1.021826
1.020740
1.021671
1.021833
1.021408
1.021771
1.021197
1.021649
1.020899
1.021025
1.021305
1.020810
1.021365
1.021449
1.021159
1.020755
1.021755
1.021861
1.021723
1.021380
1.020771
1.021938
1.021288
1.020875
1.021195
1.021465
1.019862
1.021311
1.019756
1.021144
1.022085
1.020591
1.021900
1.020006
1.021437
1.019936
1.021415
1.021300
1.020904
1.021148
1.020422
1.020954
1.020751
1.022150
1.020903
1.021426
1.020408
1.019983
1.020285
1.021775
1.021317
1.019897
1.020709
1.021624
1.020996
1.020085
1.020157
1.021852
1.021043
1.020770
1.020943
1.019771
1.021246
1.019733
1.019831
1.020381
1.020066
1.019375
1.020224
1.021716
1.021183
1.019291
1.020887
1.020147
1.020163
1.020777
1.019262
1.020618
1.020505
1.020913
1.020551
1.018904
1.020315
1.019741
1.020359
1.021136
1.019452
1.020637
1.020067
1.020693
1.019301
1.020312
1.020189
1.020358
1.020493
1.020620
1.020902
1.019983
1.019447
1.020621
1.020310
1.019018
1.020424
1.019869
1.020266
1.020052
1.020300
1.020646
1.020532
1.021477
1.020329
1.020294
1.020457
1.020188
1.020032
1.018981
1.021148
1.020343
1.020068
1.019299
1.019965
1.018866
1.019281
1.019804
1.019746
1.020213
1.019179
1.019830
1.018707
1.019994
1.020366
1.019049
1.019371
1.020586
1.019606
1.018901
1.019828
1.019902
1.021084
1.019817
1.019870
1.018986
1.020211
1.018766
1.019175
1.020021
1.019742
1.019263
1.020034
1.019247
1.020170
1.020289
1.019737
1.020128
1.019581
1.018677
1.020331
1.019169
1.019643
1.019308
1.019048
1.020120
1.018931
1.019889
1.019215
1.018978
1.020007
1.019070
1.018385
1.019022
1.019640
1.020381
1.019729
1.019103
1.020071
1.020216
1.019848
1.018284
1.019249
1.019241
1.018544
1.019286
1.018875
1.019787
1.018736
1.018984
1.018503
1.017746
1.018493
1.019877
1.019443
1.019326
1.019570
1.018989
1.019184
1.019271
1.019052
1.020095
1.019110
1.018728
1.018872
1.018378
1.018466
1.018051
1.019590
1.018688
1.018383
1.018348
1.019005
1.019639
1.018745
1.018096
1.018592
1.019576
1.017638
1.019248
1.018319
1.019446
1.018575
1.018540
1.017978
1.018851
1.019275
1.018546
1.018431
1.018457
1.019053
1.018744
1.018715
1.018632
1.017458
1.017043
1.018817
1.019312
1.018082
1.018768
1.018597
1.017354
1.017912
1.018037
1.018757
1.019541
1.019076
1.018894
1.019037
1.018658
1.018367
1.018472
1.017354
1.018925
1.018027
1.018926
1.018318
1.018252
1.018606
1.018531
1.019084
1.018649
1.017416
1.018725
1.018863
1.017586
1.018952
1.018108
1.018778
1.017843
1.017907
1.019208
1.018945
1.017203
1.018232
1.017280
1.019436
1.017913
1.017234
1.017048
1.017647
1.017694
1.017759
1.018689
1.018361
1.017627
1.017514
1.018863
1.018085
1.018279
1.018379
1.018149
1.017867
1.018542
1.017831
1.017149
1.018378
1.018019
1.018773
1.017594
1.018241
1.018846
1.017417
1.017980
1.018024
1.017863
1.019055
1.018288
1.018061
1.018047
1.017877
1.017154
1.017994
1.018716
1.017676
1.017441
1.016910
1.017728
1.017457
1.017219
1.016163
1.017880
1.016882
1.018312
1.017730
1.017313
1.018737
1.017941
1.017556
1.017602
1.018467
1.017228
1.017379
1.016610
1.017591
1.018426
1.017879
1.017866
1.017277
1.016304
1.017444
1.017001
1.017183
1.017828
1.015864
1.016936
1.016420
1.017490
1.016985
1.017448
1.018415
1.017566
1.017397
1.017343
1.017568
1.016371
1.016930
1.016811
1.017452
1.017260
1.017459
1.018108
1.018654
1.017434
1.017984
1.018260
1.017933
1.017469
1.016173
1.016729
1.017341
1.016266
1.017475
1.016364
1.015988
1.016567
1.016893
1.017356
1.017217
1.018069
1.017096
1.017538
1.016405
1.017111
1.015792
1.016600
1.016576
1.016580
1.017241
1.016232
1.016657
1.016573
1.018690
1.017173
1.016352
1.018398
1.016286
1.016518
1.016499
1.016599
1.017228
1.017112
1.016462
1.017508
1.016683
1.017120
1.016346
1.016807
1.015908
1.016333
1.016614
1.017361
1.017245
1.017673
1.016611
1.016098
1.015833
1.015651
1.016946
1.017345
1.016634
1.016965
1.017247
1.016511
1.016243
1.016114
1.016384
1.016840
1.017170
1.017420
1.016370
1.016909
1.016932
1.016813
1.016643
1.016575
1.016952
1.016163
1.016139
1.016157
1.016443
1.015750
1.016424
1.017194
1.016085
1.017310
1.016864
1.017242
1.016308
1.015862
1.016113
1.016972
1.017096
1.016273
1.017159
1.016005
1.016119
1.017190
1.015493
1.016410
1.015887
1.017396
1.016253
1.017509
1.015726
1.016626
1.015551
1.016169
1.016819
1.016322
1.015437
1.016276
1.015934
1.017005
1.016387
1.016304
1.016177
1.017007
1.014811
1.015975
1.015822
1.016540
1.015297
1.015267
1.016392
1.015845
1.016312
1.017275
1.015689
1.016666
1.016891
1.015482
1.016801
1.016422
1.016044
1.015645
1.016154
1.014741
1.016079
1.016015
1.016521
1.015558
1.015835
1.016026
1.016775
1.016500
1.015425
1.016568
1.015256
1.017103
1.015964
1.015876
1.014496
1.016718
1.015471
1.015763
1.015530
1.015670
1.016525
1.014322
1.015889
1.015886
1.015510
1.015979
1.016380
1.015950
1.016293
1.016459
1.016247
1.015346
1.016436
1.015866
1.015394
1.015600
1.015059
1.015313
1.014750
1.016308
1.016999
1.016018
1.016436
1.014997
1.015567
1.015556
1.015256
1.016594
1.014033
1.015532
1.014444
1.016887
1.015414
