16.001127
8.279632
5.659127
4.386376
3.654958
3.151286
2.784998
2.520773
2.340833
2.182811
2.034437
1.942456
1.847119
1.780826
1.711104
1.664570
1.611749
1.578223
1.539280
1.500650
1.477919
1.451190
1.423590
1.402296
1.387902
1.365294
1.355183
1.339596
1.322008
1.306598
1.294643
1.282588
1.274201
1.266408
1.259175
1.250289
1.242023
1.236717
1.228415
1.220569
1.218390
1.214359
1.205594
1.194860
1.193991
1.184695
1.184518
1.180177
1.179594
1.174911
1.168543
1.166020
1.162161
1.155884
1.157847
1.150491
1.149104
1.144152
1.146092
1.137946
1.135630
1.136634
1.134504
1.133224
1.128655
1.123567
1.125068
1.126322
1.116499
1.118110
1.118155
1.113118
1.114147
1.114624
1.107167
1.107610
1.109661
1.105946
1.103370
1.099753
1.101682
1.099313
1.100004
1.098104
1.097069
1.095166
1.092431
1.091757
1.090204
1.089208
1.086063
1.085818
1.089157
1.085874
1.086854
1.084339
1.085468
1.083113
1.080479
1.080728
1.079386
1.078308
1.077242
1.078560
1.077308
1.076732
1.076763
1.074172
1.073487
1.073006
1.071243
1.072789
1.070301
1.071470
1.067748
1.068774
1.068391
1.066405
1.065742
1.066260
1.065110
1.064031
1.067253
1.063497
1.063596
1.064180
1.063783
1.063326
1.061719
1.058048
1.061769
1.057809
1.061578
1.060222
1.057816
1.059129
1.056516
1.056775
1.056513
1.057259
1.056440
1.055826
1.056620
1.053756
1.054678
1.054355
1.053723
1.052277
1.055577
1.053854
1.052203
1.052966
1.051605
1.050922
1.051082
1.050182
1.050698
1.047440
1.050859
1.047300
1.048158
1.049432
1.049712
1.048301
1.047807
1.046690
1.047606
1.046873
1.048486
1.045986
1.047029
1.045465
1.047380
1.044173
1.046144
1.043675
1.045077
1.043682
1.044124
1.042391
1.042793
1.044447
1.044739
1.042105
1.043081
1.042153
1.040582
1.044313
1.041905
1.041007
1.041083
1.041117
1.040682
1.040336
1.039576
1.038446
1.040831
1.037810
1.037389
1.039132
1.038522
1.039022
1.038045
1.037356
1.038199
1.038585
1.036789
1.038821
1.037042
1.035943
1.036796
1.038137
1.035533
1.037066
1.035708
1.036430
1.035596
1.034116
1.036278
1.033246
1.034769
1.036875
1.036250
1.034882
1.034502
1.034628
1.033199
1.035381
1.034683
1.034505
1.033368
1.033046
1.031418
1.034664
1.035801
1.032706
1.033597
1.031930
1.032465
1.032310
1.031313
1.032032
1.031087
1.031957
1.031526
1.032090
1.032469
1.029833
1.032375
1.031554
1.032261
1.030324
1.030375
1.031425
1.030786
1.030172
1.030194
1.029602
1.029762
1.029922
1.030517
1.028717
1.028690
1.029682
1.031657
1.027025
1.030956
1.029395
1.030196
1.029745
1.028980
1.029382
1.027666
1.026448
1.028552
1.027439
1.029279
1.029156
1.026621
1.028055
1.028484
1.028235
1.027150
1.028300
1.025757
1.027331
1.027907
1.026355
1.027345
1.026340
1.026459
1.026080
1.026523
1.023819
1.025783
1.027636
1.023723
1.026283
1.026953
1.025232
1.024845
1.026583
1.023065
1.025746
1.026560
1.024385
1.024889
1.026281
1.023883
1.025120
1.025309
1.022687
1.024568
1.025094
1.025090
1.024708
1.026011
1.023737
1.024554
1.024582
1.022970
1.021354
1.024057
1.022439
1.024334
1.023105
1.023212
1.022863
1.024355
1.021915
1.022106
1.022892
1.022749
1.022557
1.023776
1.021346
1.023725
1.022103
1.021620
1.023230
1.022399
1.024117
1.022682
1.023397
1.022094
1.022085
1.022121
1.022338
1.023262
1.021336
1.019677
1.021980
1.020639
1.021628
1.023177
1.022960
1.021097
1.022646
1.020129
1.021943
1.021507
1.021504
1.022211
1.022200
1.020729
1.019728
1.020604
1.020510
1.021049
1.020524
1.019855
1.019658
1.021288
1.021997
1.021268
1.021017
1.019437
1.022273
1.019360
1.018887
1.017502
1.019974
1.021833
1.020164
1.020197
1.019105
1.019446
1.019052
1.020184
1.021382
1.019480
1.021219
1.018206
1.019373
1.020333
1.019599
1.019931
1.019530
1.020227
1.017522
1.020142
1.019333
1.000000
1.017314
1.020370
1.019872
1.019788
1.019759
1.018628
1.021029
1.019323
1.018805
1.017510
1.018128
1.019239
1.017931
1.016786
1.018611
1.020376
1.018949
1.019730
1.018728
1.018034
1.017654
1.016388
1.016495
1.018449
1.000000
1.017952
1.017810
1.018258
1.016723
1.017798
1.019003
1.015400
1.017257
1.019091
1.019246
1.018889
1.019153
1.016725
1.017900
1.017958
1.018630
1.017476
1.017832
1.017838
1.016629
1.015891
1.015119
1.015349
1.016131
1.016117
1.016444
1.000000
1.018027
1.017422
1.016651
1.018290
1.016742
1.016946
1.016574
1.016675
1.015276
1.016619
1.014937
1.016075
1.015761
1.000000
1.016646
1.017167
1.016995
1.016687
1.017576
1.015776
1.015845
1.018154
1.014795
1.016472
1.016420
1.015199
1.014145
1.016328
1.015226
1.014833
1.013873
1.015261
1.015142
1.015673
1.015278
1.013503
1.015100
1.015621
1.016823
1.000000
1.016097
1.016179
1.015321
1.015499
1.014102
1.016132
1.014289
1.014198
1.014808
1.014792
1.015442
1.016962
1.014855
1.014885
1.015571
1.014585
1.015779
1.013282
1.015593
1.014858
1.011995
1.015874
1.016462
1.014721
1.014537
1.000000
1.014889
1.016586
1.000000
1.015939
1.012562
1.000000
1.013478
1.015018
1.014426
1.013558
1.014339
1.013673
1.015148
1.012197
1.015417
1.013346
1.013334
1.011456
1.013207
1.013294
1.014098
1.015692
1.014609
1.011481
1.011895
1.011694
1.012615
1.011900
1.012706
1.013281
1.013959
1.015005
1.013319
1.013831
1.012834
1.012676
1.011622
1.013384
1.015645
1.012850
1.014358
1.012727
1.015437
1.012144
1.012997
1.013889
1.012898
1.012611
1.012951
1.012342
1.014295
1.013814
1.015246
1.014458
1.000000
1.012225
1.011835
1.014103
1.013613
1.012846
1.000000
1.000000
1.013843
1.012767
1.012387
1.013273
1.013376
1.014646
1.012989
1.015428
1.013736
1.013115
1.013507
1.010903
1.012709
1.012115
1.012535
1.011759
1.013062
1.013465
1.012403
1.012494
1.010995
1.000000
1.000000
1.000000
1.009926
1.013708
1.012590
1.015069
1.013064
1.000000
1.012663
1.000000
1.012839
1.000000
1.012304
1.012318
1.013074
1.012655
1.011633
1.013986
1.010176
1.010675
1.012642
1.009555
1.000000
1.014313
1.000000
1.010654
1.013662
1.011659
1.012173
1.011670
1.009095
1.011681
1.012386
1.009842
1.010384
1.012158
1.000000
1.011850
1.013329
1.011766
1.000000
1.012060
1.013727
1.012901
1.012045
1.010523
1.012109
1.012603
1.010055
1.000000
1.011760
1.009569
1.012686
1.013549
1.012323
1.000000
1.010555
1.010797
1.008955
1.011473
1.009740
1.011352
1.011042
1.011924
1.011704
1.012006
1.011773
1.012579
1.008771
1.012408
1.011240
1.008960
1.011200
1.011477
1.011422
1.012500
1.000000
1.012607
1.010971
1.010786
1.012749
1.013488
1.000000
1.011584
1.010212
1.011188
1.011028
1.011356
1.011663
1.009875
1.011621
1.011021
1.009517
1.010670
1.008560
1.011249
1.011680
1.011249
1.009915
1.010079
1.010417
1.011556
1.012051
1.009361
1.011116
1.009997
1.011515
1.011948
1.011893
1.012150
1.009500
1.011746
1.010476
1.000000
1.010228
1.000000
1.000000
1.010875
1.010357
1.009843
1.009703
1.000000
1.009838
1.009801
1.009757
1.000000
1.009949
1.011209
1.008465
1.012206
1.010524
1.010078
1.010720
1.010256
1.009961
1.008335
1.009811
1.010617
1.011342
1.010910
1.011694
1.010501
1.008008
1.000000
1.007501
1.008972
1.009245
1.009958
1.008874
1.008873
1.000000
1.010799
1.010947
1.000000
1.010173
1.009836
1.000000
1.012003
1.010959
1.000000
1.008915
1.010615
1.000000
1.009316
1.008100
1.010690
1.010971
1.000000
1.011133
1.000000
1.011601
1.009363
1.000000
1.011670
1.008472
1.009793
1.009204
1.010527
1.009704
1.009811
1.008382
1.007863
1.010243
1.010152
1.009329
1.000000
1.007876
1.008694
1.010270
1.008193
1.000000
1.010466
1.009180
1.009522
1.008391
1.008627
1.009390
1.000000
1.010303
1.009346
1.009314
1.000000
1.010227
1.008703
1.009166
1.009972
1.011795
1.008445
1.008983
1.008028
1.010848
1.008667
1.009311
1.008188
1.010058
1.000000
1.008530
1.008763
1.008687
1.009118
1.000000
1.009702
1.009776
1.010906
1.008187
1.007949
1.011091
1.008769
1.000000
1.009383
1.009726
1.009329
1.008406
1.008259
1.000000
1.009176
1.006424
1.009304
1.009351
1.008977
1.008687
1.008031
1.010209
1.008376
1.010964
1.008902
1.008616
1.009515
1.000000
1.009426
1.008455
1.008463
1.010088
1.007766
1.009663
1.000000
1.009229
1.009869
1.008812
1.008840
1.010790
1.009168
1.008702
1.009635
1.007202
1.000000
1.010232
1.007964
1.008846
1.000000
1.008283
1.009235
1.000000
1.009573
1.008774
1.000000
1.006605
1.008356
1.008676
1.009230
1.000000
1.000000
1.011572
1.008309
1.006479
1.007964
1.000000
1.000000
1.008605
1.009474
1.007944
1.008840
1.009118
1.011306
1.006964
1.000000
1.007398
1.000000
1.007221
1.007138
1.007307
1.000000
1.000000
1.008530
1.007521
1.007075
1.007237
1.009334
1.009760
1.007718
1.007486
1.007316
1.008545
1.006622
1.007922
1.000000
1.007220
1.008692
1.006036
1.008396
1.000000
1.006031
1.008976
1.008504
1.000000
1.000000
1.008950
1.007919
1.008062
1.008626
1.007447
1.006127
1.007485
1.007880
1.008181
1.007555
1.008103
1.000000
1.007723
1.007884
1.007939
1.008715
1.000000
1.005054
1.000000
1.004670
1.005327
1.009079
1.000000
1.000000
1.006916
1.007399
1.008406
1.008212
1.007485
1.008108
1.000000
1.008381
1.008625
1.000000
1.008116
1.000000
1.000000
1.000000
1.000000
1.007844
1.007879
1.009314
1.007854
1.009194
1.000000
1.007871
1.009345
1.007152
1.008182
1.009111
1.000000
1.006785
1.008439
1.007718
1.006609
1.008729
1.008051
1.008264
1.007060
1.007637
1.006903
1.007961
1.007269
1.000000
1.007136
1.008190
1.010117
1.007584
1.000000
1.000000
1.008406
1.000000
1.007567
1.006892
1.000000
1.005829
1.006429
1.008409
1.008771
1.006977
1.006984
1.006231
1.008221
1.002757
1.000000
1.008620
1.000000
1.008182
1.007952
1.007477
1.000000
1.006517
1.007078
1.006790
1.008505
1.008281
1.009024
1.000000
1.008631
1.000000
1.008666
1.006037
1.006601
1.008042
1.008253
1.006864
1.007487
1.006122
1.006030
1.006701
1.007896
1.000000
1.000000
1.007041
1.000000
1.006708
1.000000
1.006794
1.007048
1.000000
1.000000
1.005037
1.000000
1.005915
1.007157
1.007222
1.005271
1.009004
1.000000
1.006778
1.000000
1.000000
1.007730
1.009701
1.000000
1.008583
1.008115
1.007227
1.005830
1.000000
1.007039
1.000000
1.007482
1.000000
1.000000
1.000000
1.008442
1.006340
1.005156
1.000000
1.006004
1.002041
1.005396
1.006507
1.004549
1.007487
1.008746
1.000000
1.000000
1.000000
1.007722
1.000000
1.005510
1.006430
1.006890
1.000000
1.005617
1.000000
1.007147
1.007008
1.006880
1.000000
1.006419
1.005617
1.006122
1.000000
1.000000
1.008832
1.000000
1.007453
1.000000
1.005619
1.007957
1.006057
1.000000
1.000000
1.006589
1.008044
1.000000
1.007560
1.000000
1.000000
1.007058
1.008190
1.000000
1.006887
1.008026
1.000000
1.005042
1.007537
1.004414
1.000000
1.007417
1.006225
1.007404
1.007563
1.006321
1.005946
1.006235
1.007045
1.000000
1.007043
1.000000
1.000000
1.006173
1.006461
1.006132
1.008414
1.000000
1.000000
1.006617
1.006400
1.007418
1.006603
1.006803
1.006613
1.006312
1.000000
1.000000
1.000000
1.005557
1.006935
1.000000
1.008633
1.008299
1.000000
1.004269
1.000000
1.006508
1.006874
1.000000
1.005282
1.004551
1.007183
1.000000
1.000000
1.000000
1.006203
1.006352
1.000000
1.007388
1.005936
1.007807
1.005506
1.004545
1.000000
1.005822
1.000000
1.000000
1.000000
1.005195
1.000000
1.006428
1.000000
1.005924
1.000000
1.006561
1.005272
1.000000
1.005282
1.005277
1.000000
1.003513
1.007648
1.005953
1.005935
1.000000
1.007607
1.006541
1.000000
1.000000
1.006331
1.003668
1.006879
1.000000
1.000000
1.000000
1.005714
1.005937
1.008458
1.006518
1.000000
1.005731
1.005394
1.000000
1.005727
1.000000
1.006799
1.006522
1.000000
1.006903
1.000000
1.006207
1.006706
1.006318
1.006037
1.004412
1.000000
1.000000
1.007581
1.000000
1.008052
1.000000
1.005547
1.006662
1.005389
1.006312
1.000000
1.007546
1.003834
1.006228
1.005834
1.000000
1.005161
1.005276
1.000000
1.000000
1.000000
1.006126
1.005509
1.000000
1.006794
1.000000
1.006974
1.004131
1.006512
1.005921
1.000000
1.006332
1.005390
1.000000
1.006784
1.005825
1.000000
1.007060
1.006943
1.002968
1.005510
1.003339
1.006728
1.000000
1.004808
1.000000
1.006617
1.000000
1.005934
1.006034
1.005645
1.004062
1.001736
1.006718
1.005268
1.000000
1.005398
1.000000
1.000000
1.004917
1.007399
1.006030
1.000000
1.005280
1.000000
1.003332
1.004799
1.003325
1.003511
1.000000
1.005048
1.006427
1.000000
1.000000
1.000000
1.006635
1.008182
1.000000
1.000000
1.002298
1.006223
1.005610
1.000000
1.007566
1.004120
1.000000
1.007959
1.000000
1.007148
1.000000
1.000000
1.000000
1.000000
1.000000
1.005254
1.000000
1.000000
1.000000
1.007397
1.006520
1.000000
1.005382
1.000000
1.000000
1.000000
1.007133
1.006126
1.000000
1.004680
1.000000
1.000000
1.005158
1.006572
1.004953
1.006642
1.000000
1.005506
1.000000
1.000000
1.005394
1.004777
1.005327
1.006447
1.000000
1.000000
1.000000
1.001736
1.008053
1.000000
1.006512
1.005169
1.000000
1.005482
1.004902
1.005250
1.000000
1.006791
1.000000
1.006023
1.004126
1.004129
1.000000
1.005719
1.005507
1.006507
1.005719
1.007715
1.000000
1.007013
1.003831
1.004927
1.003506
1.000000
1.005497
1.007471
1.000000
1.000000
1.005285
1.000000
1.000000
1.000000
1.005722
1.000000
1.004806
1.004264
1.004412
1.005823
1.004920
1.000000
1.000000
1.005161
1.004542
1.007881
1.000000
1.000000
1.003146
1.006601
1.000000
1.005715
1.005399
1.000000
1.005163
1.000000
1.005833
1.000000
1.000000
1.000000
1.000000
1.006924
1.006234
1.006710
1.002294
1.000000
1.005166
1.000000
1.006240
1.004131
1.003150
1.000000
1.004538
1.004124
1.004274
1.005606
1.004797
1.000000
1.000000
1.002759
1.005398
1.000000
1.005800
1.007652
1.000000
1.000000
1.000000
1.005274
1.005921
1.006134
1.005163
1.004271
1.000000
1.000000
1.000000
1.004547
1.002963
1.004678
1.004206
1.003837
1.000000
1.006022
1.000000
1.005822
1.000000
1.004804
1.000000
1.005038
1.006978
1.004800
1.005168
1.000000
1.001736
1.000000
1.003674
1.003980
1.000000
1.006767
1.004131
1.005415
1.000000
1.000000
1.000000
1.005037
1.007827
1.004810
1.005512
1.006219
1.000000
1.000000
1.006511
1.000000
1.003975
1.004414
1.006516
1.000000
1.004802
1.004793
1.006039
1.004835
1.003146
1.005054
1.005841
1.004795
1.005387
1.004385
1.007405
1.000000
1.005169
1.000000
1.000000
1.005395
1.000000
1.000000
1.000000
1.003810
1.006693
1.004933
1.004408
1.004671
1.007575
1.006236
1.000000
1.000000
1.006696
1.000000
1.000000
1.000000
1.000000
1.000000
1.002757
1.005285
1.005616
1.002752
1.005035
1.003509
1.000000
1.005922
1.000000
1.000000
1.006233
1.006065
1.000000
1.005870
1.000000
1.005509
1.000000
1.003823
1.000000
1.000000
1.007135
1.004795
1.000000
1.001736
1.005925
1.004802
1.000000
1.003332
1.001389
1.000000
1.004414
1.006791
1.003990
1.004540
1.001389
1.000000
1.003339
1.000933
1.004793
1.005827
1.004925
1.004271
1.000000
1.000000
1.002757
1.000000
1.000000
1.000000
1.003985
1.000000
1.000000
1.005833
1.005510
1.000933
1.004760
1.005207
1.000000
1.000000
1.003823
1.004131
1.000000
1.004920
1.000000
1.000000
1.004408
1.005611
1.004506
1.000000
1.005921
1.005169
1.004392
1.000000
1.004515
1.005054
1.005399
1.003990
1.000000
1.005040
1.004402
1.005504
1.000000
1.004800
1.000000
1.003514
1.000000
1.000000
1.003149
1.004233
1.005168
1.000000
1.004808
1.000000
1.000000
1.004120
1.004414
1.004670
1.000000
1.004927
1.005621
1.001389
1.006320
1.006232
1.000000
1.003665
1.000000
1.001747
1.004414
1.004540
1.003674
1.000000
1.000000
1.004808
1.000000
1.000000
1.000000
1.000000
1.002963
1.000000
1.006611
1.000000
1.003906
1.004276
1.000000
1.007231
1.005510
1.000000
1.000000
1.000000
1.000000
1.004408
1.004271
1.004414
1.000000
1.000000
1.000000
1.000000
1.000000
1.000000
1.000000
1.005273
1.004802
1.004129
1.000000
1.000000
1.000000
1.003990
1.004126
1.005040
1.004671
1.000000
1.004808
1.000000
1.000000
1.000000
1.003335
1.002041
1.005163
1.000000
1.000000
1.004394
1.000000
1.000000
1.005723
1.003980
1.000000
1.004124
1.004126
1.004233
1.004204
1.000000
1.005840
1.000000
1.000000
1.002757
1.000000
1.000000
1.002959
1.000000
1.006035
1.000000
1.000000
1.000000
1.002298
1.000000
1.000000
1.000000
1.002967
1.000000
1.000000
1.000000
1.005829
1.000000
1.004538
1.003677
1.000000
1.003335
1.003834
1.004538
1.000000
1.000000
1.004414
1.000000
1.004396
1.004920
1.000000
1.000000
1.000000
1.000000
1.004629
1.000000
1.004678
1.003823
1.003158
1.003677
1.000000
1.000000
1.000000
1.000000
1.000000
1.004547
1.000000
1.004280
1.002963
1.000000
1.000933
1.005503
1.006293
1.000000
1.000000
1.003831
1.003831
1.000000
1.000000
1.005388
1.000000
1.000000
1.002959
1.004751
1.003511
1.000000
1.000000
1.004269
1.004124
1.000000
1.000000
1.004795
1.006223
1.000000
1.000000
1.000000
1.003506
1.000000
1.002033
1.003828
1.000000
1.005169
1.000000
1.000000
1.002534
1.000000
1.004653
1.000000
1.000000
1.000000
1.000000
1.000000
1.000000
1.003939
1.004769
1.000000
1.002764
1.004920
1.004269
1.000000
1.000000
1.004540
1.004416
1.000000
1.000000
1.000000
1.000000
1.006016
1.004543
1.000000
1.000000
1.000000
1.003924
1.002534
1.000000
1.004371
1.005171
1.000000
1.000000
1.000000
1.005618
1.000000
1.004542
1.005035
1.004872
1.000000
1.000000
1.004410
1.000000
1.002762
1.000000
1.004269
1.004929
1.000000
1.003149
1.000000
1.000000
1.003671
1.004668
1.000000
1.000000
1.000000
1.005156
1.000000
1.004124
1.004922
1.003148
1.000000
1.003834
1.000000
1.004374
1.000000
1.000000
1.001736
1.005288
1.000000
1.004542
1.004129
1.004331
1.000000
1.003671
1.003151
1.003823
1.002540
1.000000
1.000000
1.003668
1.005288
1.003158
1.000000
1.002305
1.001736
1.000000
1.003335
1.000000
1.002757
1.004412
1.003670
1.003154
1.000000
1.004129
1.000000
1.005279
1.000000
1.000000
1.004133
1.003982
1.002540
1.003339
1.003303
1.005158
1.004129
1.002954
1.004270
1.005173
1.000000
1.000000
1.002545
1.000000
1.005252
1.000000
1.004123
1.003990
1.003150
1.000000
1.003339
1.000000
1.002967
1.000000
1.000000
1.002540
1.000000
1.000000
1.005129
1.000000
1.006608
1.003822
1.004545
1.004269
1.002033
1.005168
1.004123
1.000000
1.003332
1.000000
1.004810
1.000000
1.002967
1.004265
1.000000
1.003673
1.000000
1.004534
1.000000
1.000000
1.003154
1.000000
1.004786
1.003509
1.000000
1.000000
1.000000
1.003342
1.003988
1.003150
1.000000
1.000000
1.002967
1.000000
1.000000
1.004542
1.000000
1.003975
1.003514
1.000000
1.005388
1.004798
1.002757
1.003158
1.005280
1.000000
1.000000
1.002534
1.000933
1.000000
1.000000
1.004806
1.000000
1.000000
1.003985
1.000000
1.000933
1.003824
1.004672
1.000000
1.004129
1.004666
1.000000
1.003503
1.004271
1.004412
1.000000
1.000000
1.000000
1.000000
1.000000
1.000000
1.004123
1.000000
1.003632
1.003823
1.004412
1.000000
1.000000
1.002757
1.000000
1.003977
1.005157
1.000000
1.003952
1.005315
1.000000
1.003154
1.000000
1.000000
1.002298
1.004271
1.002954
1.000000
1.000000
1.003831
1.002757
1.000000
1.004676
1.000000
1.000000
1.000000
1.003342
1.000000
1.003144
1.003677
1.004407
1.000000
1.000000
1.000000
1.001389
1.003665
1.002968
1.000000
1.004728
1.000000
1.000000
1.000000
1.000000
1.000000
1.000000
1.000000
1.003513
1.000000
