64.100060
61.120528
57.410233
56.475565
58.277644
18.453769
18.889609
18.811738
19.005221
23.403367
18.290805
14.789055
12.095298
14.358976
16.692783
9.174502
21.060282
10.318876
8.696528
6.344360
12.258207
11.917168
6.903900
6.143674
5.471181
4.824309
5.639597
10.073590
5.288611
4.519720
8.402546
4.117959
8.389624
5.108025
4.982312
5.834504
6.370981
5.463869
3.807829
4.251549
3.298215
6.092475
4.088329
6.130616
3.539685
4.117136
3.508524
3.374655
3.047921
2.669743
4.389583
2.758257
3.134745
2.785470
2.647081
2.885529
2.626200
3.876710
2.922276
3.236618
2.393409
4.550031
3.680017
2.270656
2.290556
4.149165
2.499043
2.198709
2.180547
2.257725
3.278194
2.093653
2.166623
2.299329
2.269239
2.107324
3.734657
2.867693
2.003534
3.174358
2.118287
1.936371
1.951050
3.177784
3.181021
3.013533
2.601608
2.024689
1.875518
1.797934
1.933688
2.482635
3.006801
1.977452
2.523586
1.785945
1.922930
1.708774
2.430691
1.710349
1.844562
1.712765
1.792254
1.709441
1.721134
1.868896
2.072976
1.676372
1.711672
2.094847
2.219221
1.916439
2.557331
1.656425
1.662877
2.451642
2.362574
1.708115
2.079174
2.056062
1.575928
1.496685
1.779416
2.264778
1.870078
1.889530
2.302614
1.489536
1.965610
1.473743
1.603207
2.128624
2.154557
1.493939
1.559661
1.475761
2.018121
1.684885
1.686080
1.477630
1.541886
1.458205
1.603799
1.468129
2.078245
1.791716
1.436870
1.645071
1.493898
1.606795
1.877187
1.445722
1.442441
1.911535
1.448940
1.446250
1.457398
1.603688
1.366290
1.441757
1.398080
1.372904
1.426781
1.354098
1.393835
1.353230
1.785657
1.417158
1.360861
1.428817
1.395038
1.847268
1.357197
1.636941
1.724743
1.529403
1.329491
1.359267
1.347942
1.495255
1.603311
1.441782
1.367708
1.325096
1.361803
1.576603
1.379831
1.327115
1.329146
1.462077
1.333461
1.463283
1.353221
1.310286
1.476357
1.427632
1.432772
1.399432
1.644043
1.310154
1.348553
1.395649
1.414487
1.478915
1.271143
1.282903
1.460925
1.495976
1.304885
1.498916
1.490739
1.288533
1.295660
1.300855
1.604316
1.294562
1.443886
1.256341
1.288901
1.294354
1.480331
1.264282
1.472992
1.467268
1.293008
1.549892
1.265184
1.274253
1.248816
1.243490
1.403203
1.533160
1.353581
1.538924
1.281660
1.288279
1.241223
1.400122
1.292679
1.375888
1.370823
1.242782
1.269947
1.220436
1.239801
1.221927
1.273181
1.265021
1.253216
1.519662
1.230663
1.265853
1.340775
1.450003
1.220249
1.199240
1.281024
1.328278
1.330352
1.199149
1.338984
1.246572
1.490727
1.244756
1.221989
1.231674
1.214479
1.348337
1.377814
1.313535
1.214546
1.190721
1.189123
1.455804
1.234870
1.212790
1.327808
1.195096
1.227780
1.185711
1.353077
1.233712
1.182507
1.316488
1.210813
1.345235
1.197937
1.211350
1.233564
1.344759
1.188516
1.316277
1.262897
1.289357
1.329057
1.182582
1.247893
1.207874
1.319494
1.179677
1.268275
1.260606
1.207947
1.206378
1.170815
1.180123
1.185100
1.254504
1.215125
1.305445
1.286951
1.167440
1.361359
1.170543
1.183495
1.185308
1.173079
1.229809
1.307295
1.165398
1.197142
1.169069
1.211476
1.163829
1.157842
1.310255
1.191636
1.218577
1.161211
1.190250
1.219406
1.215555
1.173701
1.189479
1.153154
1.158013
1.238363
1.167602
1.212508
1.159280
1.217578
1.175436
1.180031
1.265937
1.155609
1.247640
1.256635
1.206960
1.173803
1.333677
1.221472
1.148106
1.337245
1.141226
1.224799
1.165111
1.153553
1.216130
1.322939
1.157166
1.217246
1.179571
1.145859
1.152940
1.157775
1.201489
1.254830
1.148529
1.148792
1.144543
1.232632
1.189921
1.159009
1.146868
1.232989
1.234910
1.242853
1.241659
1.137518
1.175786
1.177192
1.153006
1.139946
1.146910
1.236342
1.210564
1.135491
1.199439
1.212681
1.146390
1.207950
1.281537
1.152565
1.284805
1.153138
1.136124
1.154790
1.268787
1.182533
1.221692
1.126064
1.205414
1.194680
1.220704
1.149515
1.214685
1.216268
1.140926
1.128691
1.120828
1.194954
1.127127
1.126025
1.205097
1.129052
1.140151
1.124273
1.157191
1.138499
1.139487
1.140212
1.135026
1.143164
1.123278
1.146690
1.118259
1.144738
1.216709
1.125644
1.191452
1.208703
1.134439
1.165019
1.154990
1.144207
1.175707
1.169623
1.153815
1.115188
1.218799
1.129635
1.135338
1.120199
1.119993
1.126986
1.134873
1.110415
1.134394
1.114202
1.118459
1.219442
1.176002
1.144346
1.138772
1.136812
1.130712
1.126405
1.121751
1.181936
1.164114
1.122244
1.143479
1.226853
1.165533
1.115674
1.114717
1.222546
1.126096
1.113530
1.208086
1.109268
1.127027
1.174643
1.121453
1.162243
1.129280
1.150628
1.171986
1.113383
1.131358
1.099200
1.132614
1.107319
1.145662
1.113735
1.160730
1.104408
1.108569
1.174610
1.142296
1.101416
1.158450
1.216577
1.106204
1.100978
1.158601
1.188872
1.139764
1.100729
1.113579
1.106299
1.104674
1.159795
1.102730
1.102632
1.106177
1.099717
1.152681
1.104472
1.129448
1.135427
1.093780
1.114182
1.118179
1.178873
1.113959
1.191338
1.104430
1.105546
1.128894
1.158847
1.101701
1.108246
1.114686
1.149024
1.164818
1.135152
1.097072
1.099129
1.091098
1.104646
1.094013
1.090132
1.087081
1.189931
1.103218
1.094021
1.109748
1.135618
1.158279
1.113953
1.088393
1.119323
1.126938
1.088198
1.125794
1.096904
1.103462
1.091081
1.112135
1.087048
1.087443
1.091043
1.110516
1.095374
1.138377
1.093744
1.089219
1.099870
1.124339
1.186558
1.107811
1.131676
1.139511
1.127755
1.127957
1.180287
1.143699
1.101226
1.115134
1.180979
1.127129
1.086542
1.100434
1.153859
1.108655
1.087412
1.169126
1.110668
1.122172
1.098433
1.084853
1.086445
1.111255
1.097946
1.088573
1.093322
1.136651
1.089790
1.096401
1.140040
1.126822
1.082236
1.081039
1.120547
1.097944
1.122125
1.099694
1.139365
1.088729
1.134506
1.134907
1.089566
1.101363
1.107000
1.083917
1.087415
1.094389
1.099097
1.078322
1.113656
1.092086
1.077899
1.080836
1.088884
1.094903
1.121396
1.155613
1.081853
1.091218
1.091305
1.126218
1.081270
1.122269
1.085382
1.152946
1.090043
1.078400
1.075266
1.104636
1.148990
1.135706
1.103501
1.128729
1.111318
1.156721
1.077484
1.081329
1.074851
1.118772
1.070220
1.131417
1.075658
1.084237
1.083511
1.128944
1.154477
1.071851
1.148822
1.072172
1.094495
1.152105
1.118850
1.141011
1.088872
1.149479
1.072313
1.074197
1.120290
1.125565
1.117156
1.091353
1.120208
1.146795
1.081772
1.073269
1.107084
1.076134
1.075572
1.071964
1.104192
1.118951
1.079973
1.085847
1.084675
1.081947
1.113815
1.079473
1.076732
1.117070
1.080226
1.091008
1.085380
1.082510
1.115012
1.108480
1.077421
1.100905
1.071689
1.108249
1.117017
1.112347
1.070752
1.076363
1.094610
1.075934
1.085654
1.107382
1.102364
1.077458
1.074547
1.079061
1.092097
1.072167
1.115465
1.125311
1.085985
1.064651
1.072546
1.074660
1.075271
1.086268
1.087610
1.114307
1.103441
1.073401
1.079865
1.077603
1.064292
1.087508
1.070891
1.110252
1.111912
1.130194
1.068895
1.066026
1.092847
1.113022
1.079448
1.065952
1.107921
1.065721
1.064609
1.093810
1.073867
1.089290
1.102294
1.073241
1.068279
1.072119
1.134455
1.074976
1.099249
1.074898
1.067469
1.067930
1.074604
1.064461
1.065587
1.083898
1.068794
1.069349
1.063608
1.094129
1.077266
1.068804
1.067784
1.065746
1.080665
1.067883
1.071399
1.069056
1.066421
1.072181
1.092009
1.060049
1.068211
1.107211
1.089270
1.071081
1.061575
1.102501
1.060012
1.090650
1.090781
1.067325
1.071881
1.073349
1.061916
1.108317
1.069162
1.063945
1.097296
1.068295
1.059727
1.073706
1.065538
1.116872
1.073172
1.075175
1.092662
1.079413
1.058149
1.060961
1.058957
1.069276
1.060544
1.061580
1.078938
1.091463
1.064701
1.064148
1.058922
1.094918
1.087934
1.060311
1.073819
1.071590
1.098685
1.062659
1.057173
1.058775
1.066533
1.060558
1.058935
1.106660
1.057521
1.092974
1.088884
1.057450
1.113922
1.066955
1.088475
1.054865
1.056042
1.092574
1.060733
1.058132
1.084131
1.075694
1.073678
1.104674
1.093150
1.058556
1.069083
1.056842
1.054886
1.083094
1.066936
1.106392
1.066177
1.084601
1.071982
1.057371
1.071545
1.069206
1.061998
1.055369
1.083537
1.055502
1.080954
1.083976
1.060824
1.056264
1.068081
1.112207
1.070965
1.076281
1.064294
1.074421
1.061501
1.060726
1.107697
1.064631
1.084436
1.069052
1.094763
1.068293
1.062743
1.059605
1.104410
1.109916
1.087016
1.108744
1.086949
1.058601
1.084178
1.087391
1.087778
1.059299
1.056972
1.069786
1.061806
1.101914
1.088396
1.054008
1.055749
1.058824
1.083921
1.062482
1.056481
1.056263
1.057430
1.051418
1.085971
1.101632
1.066740
1.073242
1.107345
1.055816
1.091371
1.062206
1.058536
1.069141
1.105746
1.065778
1.069426
1.088562
1.053722
1.100041
1.076181
1.061108
1.054015
1.059270
1.091595
1.058857
1.056002
1.052844
1.052332
1.054975
1.055170
1.059035
1.052283
1.062402
1.057725
1.058237
1.081273
1.061420
1.049948
1.060075
1.050093
1.051313
1.051908
1.081381
1.051650
1.076879
1.078852
1.066969
1.090581
1.101969
1.057549
1.082146
1.079084
1.061614
1.049699
1.061912
1.087752
1.082523
1.100211
1.100155
1.081813
1.096233
1.098733
1.080613
1.056798
1.049092
1.091925
1.066698
1.069103
1.095878
1.050069
1.046088
1.051444
1.095723
1.091466
1.048629
1.060985
1.052876
1.051715
1.068000
1.071700
1.048127
1.086954
1.069538
1.048229
1.079097
1.082516
1.070667
1.073501
1.051324
1.094925
1.051632
1.055378
1.078060
1.047682
1.053930
1.077590
1.047013
1.073994
1.051981
1.059567
1.074036
1.057281
1.052093
1.070859
1.077394
1.046673
1.053369
1.046991
1.071366
1.052421
1.060989
1.046213
1.050801
1.086813
1.093409
1.047803
1.074753
1.057804
1.051888
1.047283
1.047912
1.089207
1.044712
1.045293
1.059248
1.065055
1.050077
1.056509
1.089876
1.070425
1.051863
1.055561
1.043151
1.045634
1.053065
1.045047
1.049336
1.046943
1.091379
1.046956
1.049258
1.074898
1.088101
1.045645
1.079432
1.053081
1.059697
1.057361
1.088704
1.069135
1.044273
1.049084
1.060190
1.053444
1.068602
1.051947
1.070639
1.059387
1.056540
1.065550
1.053450
1.073895
1.056164
1.052787
1.044896
1.055057
1.056064
1.070464
1.043481
1.051191
1.077731
1.045947
1.069381
1.070087
1.042774
1.048899
1.041832
1.049840
1.083571
1.068152
1.060064
1.066422
1.049309
1.053638
1.080069
1.058676
1.048670
1.068881
1.052125
1.044666
1.042740
1.061956
1.043091
1.071645
1.071872
1.044230
1.086665
1.065134
1.041712
1.063252
1.085566
1.044275
1.041829
1.052439
1.045327
1.050757
1.045643
1.049184
1.047131
1.067248
1.056444
1.041953
1.041830
1.083799
1.043826
1.042084
1.082032
1.047345
1.048389
1.082067
1.046078
1.055946
1.051877
1.049096
1.039889
1.049296
1.057317
1.067287
1.083247
1.054017
1.046048
1.040607
1.079547
1.041899
1.067167
1.046117
1.064203
1.047170
1.053351
1.051721
1.045008
1.039199
1.075523
1.066384
1.055170
1.043553
1.051091
1.045873
1.068000
1.065060
1.069027
1.044170
1.049752
1.065612
1.040045
1.054596
1.040568
1.046341
1.078563
1.056850
1.062909
1.040536
1.040997
1.049499
1.046261
1.062688
1.043505
1.039801
1.052543
1.045600
1.061554
1.064703
1.045585
1.079267
1.064806
1.051053
1.045615
1.057496
1.065913
1.057097
1.041043
1.040268
1.039039
1.060702
1.054608
1.073606
1.050341
1.038403
1.040338
1.040840
1.052111
1.040333
1.062560
1.038403
1.039020
1.054265
1.058718
1.039244
1.077909
1.041929
1.048181
1.061343
1.045058
1.038615
1.041251
1.042647
1.044921
1.046857
1.050777
1.073151
1.060952
1.038392
1.039156
1.077459
1.040564
1.064165
1.045505
1.042352
1.042168
1.042968
1.062744
1.036516
1.068402
1.045977
1.046290
1.076418
1.040161
1.044611
1.037283
1.039183
1.064438
1.050768
1.061921
1.038478
1.037119
1.040011
1.053474
1.038631
1.051766
1.040508
1.041471
1.050009
1.037725
1.058108
1.041363
1.049286
1.035689
1.041473
1.068154
1.058532
1.037368
1.041471
1.049369
1.035259
1.060889
1.047556
1.073524
1.039175
1.038254
1.070157
1.059828
1.061633
1.038213
1.039648
1.034969
1.043891
1.054350
1.041173
1.058473
1.039520
1.071642
1.038432
1.073467
1.048175
1.057743
1.042916
1.072186
1.034781
1.049209
1.073720
1.040316
1.060556
1.038177
1.038400
1.037201
1.033608
1.056464
1.041373
1.072371
1.039575
1.048310
1.054937
1.052085
1.043308
1.036156
1.036336
1.042893
1.035282
1.036490
1.055844
1.052229
1.053706
1.066076
1.046004
1.035759
1.038559
1.040306
1.051802
1.033941
1.044027
1.043868
1.059770
1.042041
1.038251
1.039999
1.042407
1.069252
1.036285
1.041057
1.058115
1.067046
1.039431
1.050179
1.036772
1.034904
1.034340
1.040562
1.041448
1.051698
1.035580
1.034064
1.034455
1.042674
1.036268
1.071659
1.052610
1.066407
1.035143
1.034966
1.044323
1.033518
1.034151
1.037771
1.034072
1.036173
1.053928
1.036894
1.054284
1.037169
1.060922
1.037869
1.037784
1.068558
1.066737
1.034671
1.034264
1.043408
1.034734
1.052276
1.045242
1.039527
1.038692
1.033906
1.038606
1.034946
1.034225
1.053472
1.032339
1.068253
1.035587
1.034521
1.067195
1.040660
1.069613
1.034710
1.037224
1.039553
1.037168
1.036478
1.039998
1.034709
1.032917
1.039791
1.038063
1.041167
1.034679
1.053040
1.053771
1.051817
1.040549
1.047985
1.032062
1.044769
1.044330
1.034210
1.034786
1.033396
1.046306
1.042926
1.052718
1.034474
1.046910
1.052316
1.037854
1.053392
1.034536
1.036632
1.035403
1.034330
1.039412
1.043805
1.033492
1.034531
1.066393
1.037449
1.031716
1.039343
1.032180
1.046002
1.059097
1.037990
1.033662
1.055042
1.032768
1.030951
1.036572
1.031826
1.041677
1.033085
1.045217
1.033805
1.049196
1.035502
1.051856
1.041218
1.031892
1.064240
1.042202
1.033133
1.033437
1.033903
1.035015
1.034904
1.036643
1.045226
1.037128
1.044234
1.031731
1.056827
1.044949
1.040334
1.049550
1.045341
1.034109
1.062605
1.033875
1.035265
1.037145
1.037279
1.037790
1.035771
1.034503
1.034611
1.032158
1.065136
1.037959
1.033984
1.034213
1.047228
1.035984
1.048460
1.048247
1.033998
1.050370
1.032589
1.050484
1.036489
1.043465
1.038891
1.051106
1.033544
1.034053
1.035226
1.061668
1.039143
1.044849
1.033704
1.051033
1.035318
1.035675
1.035584
1.050287
1.034070
1.033981
1.038078
1.031259
1.030813
1.059977
1.038578
1.044734
1.037353
1.057856
1.031866
1.031208
1.041901
1.030686
1.043625
1.029595
1.038301
1.030085
1.030529
1.054435
1.040502
1.030726
1.030833
1.033620
1.030458
1.047883
1.051235
1.031146
1.031622
1.042177
1.040876
1.030441
1.035178
1.045871
1.048199
1.029854
1.039520
1.032073
1.053900
1.039139
1.031427
1.028251
1.040315
1.058962
1.035750
1.045654
1.045178
1.033760
1.042478
1.031434
1.045051
1.045051
1.032049
1.045169
1.035757
1.029537
1.032541
1.028888
1.031261
1.049063
1.035730
1.054486
1.029730
1.059515
1.030887
1.037405
1.029347
1.043494
1.031002
1.030640
1.048679
1.030143
1.029941
1.027936
1.043969
1.046487
1.057261
1.041885
1.035423
1.031270
1.030047
1.042975
1.030130
1.043797
1.042477
1.031234
1.028134
1.032920
1.035650
1.034822
1.031035
1.039107
1.044140
1.034488
1.031137
1.054844
1.030585
1.048852
1.044868
1.054439
1.054396
1.029110
1.026961
1.033340
1.040989
1.055603
1.045782
1.036353
1.030065
1.044724
1.030783
1.032612
1.048070
1.045473
1.045323
1.040997
1.030014
1.031206
1.042045
1.029255
1.037642
1.039415
1.029730
1.031692
1.034163
1.030340
1.035030
1.032715
1.029866
1.027051
1.047839
1.039507
1.030222
1.045752
1.033378
1.033833
1.044792
1.031386
1.043242
1.030119
1.043863
1.029616
1.050907
1.030571
1.044574
1.030323
1.045171
1.028045
1.052897
1.029592
1.027093
1.043015
1.031548
1.028368
1.044827
1.038779
1.028736
1.028635
1.030754
1.026764
1.029410
1.038706
1.043822
1.029784
1.036657
1.029783
1.037632
1.028782
1.041300
1.041345
1.034084
1.034099
1.044107
1.034755
1.030047
1.051652
1.031741
1.033176
1.043817
1.045369
1.053435
1.027010
1.031786
1.037570
1.031173
1.030318
1.028185
1.026591
1.040186
1.027090
1.039472
1.028115
1.027257
1.032110
1.041641
1.028411
1.052635
1.047799
1.040142
1.042014
1.026918
1.028793
1.044131
1.053239
1.027165
1.041519
1.028915
1.027066
1.029432
1.035966
1.027637
1.028619
1.025997
1.030236
1.042233
1.044369
1.038421
1.037211
1.027198
1.028201
1.027959
1.032411
1.028101
1.031469
1.029136
1.035103
1.029229
1.026503
1.029347
1.031776
1.040875
1.038058
1.029713
1.026046
1.030803
1.029473
1.033583
1.036279
1.028429
1.040351
1.036610
1.039138
1.030572
1.028164
1.032821
1.025580
1.032664
1.027587
1.049490
1.044379
1.036448
1.029307
1.031812
1.042579
1.033474
1.029525
1.026675
1.051590
1.039655
1.030993
1.029345
1.046966
1.030211
1.025792
1.048088
1.040471
1.035993
1.031519
1.044745
1.030868
1.034271
1.027377
1.040346
1.035002
1.029677
1.028776
1.035348
1.026344
1.036055
1.027810
1.026894
1.042061
1.045990
1.025341
1.050439
1.025411
1.050338
1.032051
1.036047
1.036484
1.026134
1.025719
1.031067
1.025787
1.041782
1.047223
1.029969
1.043053
1.024941
1.038686
1.026830
1.048643
1.029193
1.041582
1.023456
1.037467
1.033757
1.042808
1.049033
1.033490
1.040365
1.030681
1.041666
1.039918
1.045482
1.040486
1.025232
1.033318
1.026352
1.025149
1.037180
1.047295
1.025881
1.027869
1.032474
1.026194
1.046492
1.024654
1.029330
1.029350
1.023980
1.048983
1.035521
1.027986
1.039733
1.030733
1.047392
1.048606
1.025550
1.027027
1.030374
1.025589
1.023450
1.034155
1.032219
1.025653
1.027882
1.025496
1.031399
1.035427
1.025333
1.024953
1.025745
1.035873
1.037730
1.024783
1.033536
1.034238
1.028631
1.026192
1.028927
1.031405
1.026521
1.026894
1.030066
1.028346
1.028133
1.024465
1.025338
1.045939
1.034522
1.048539
1.026155
1.024489
1.027319
1.036191
1.039856
1.030930
1.025683
1.026425
1.024848
1.025361
1.033791
1.028728
1.034142
1.027573
1.022876
1.038867
1.036070
1.047661
1.029807
1.038429
1.038180
1.033304
1.035503
1.024041
1.039253
1.030500
1.035364
1.034581
1.027384
1.047412
1.037493
1.044459
1.025390
1.027153
1.026799
1.026086
1.045118
1.034378
1.047697
1.032055
1.036113
1.024673
1.040548
1.027233
1.042642
1.024041
1.037537
1.032218
1.043702
1.024342
1.043444
1.033907
1.031462
1.023494
1.028014
1.036159
1.025609
1.026088
1.026624
1.025117
1.037552
1.025368
1.025905
1.024543
1.044901
1.024595
1.037059
1.032680
1.025510
1.023614
1.037935
1.038946
1.043098
1.043936
1.026290
1.038518
1.024233
1.023396
1.025125
1.031829
1.023113
1.023701
1.032147
1.029476
1.024051
1.031406
1.023974
1.030537
1.036713
1.027084
1.026663
1.032443
1.025224
1.034691
1.034892
1.037451
1.027497
1.023477
1.027452
1.036618
1.029549
1.026064
1.037274
1.030200
1.024065
1.035388
1.041487
1.022485
1.027052
1.027313
1.037797
1.027882
1.032188
1.023361
1.025564
1.041170
1.033495
1.027416
1.027733
1.025750
1.033380
1.024007
1.025700
1.024647
1.031023
1.030061
1.025299
1.024372
1.029419
1.032048
1.028259
1.025587
1.032360
1.034047
1.030243
1.024738
1.030256
1.043308
1.025461
1.024802
1.037341
1.023749
1.035722
1.026586
1.023058
1.034735
1.032775
1.035895
1.044008
1.031122
1.024697
1.024696
1.026940
1.041886
1.025663
1.031537
1.026444
1.043676
1.023680
1.033996
1.034738
1.023717
1.021918
1.024942
1.028325
1.029463
1.033234
1.031742
1.028012
1.027185
1.024212
1.024069
1.022216
1.035822
1.032467
1.022017
1.029362
1.032696
1.024166
1.026630
1.025023
1.021317
1.034999
1.025377
1.041657
1.026955
1.027778
1.025277
1.023850
1.028833
1.026191
1.028740
1.020880
