64.792969
61.676058
57.282727
57.072025
58.904687
19.103273
18.573679
19.957247
18.954297
23.417669
18.615222
15.294809
12.232722
14.845035
16.339409
8.626517
20.588128
10.176144
8.590681
6.408220
12.550627
12.427315
6.860258
5.966220
5.649866
5.082500
5.741796
10.062126
5.300463
5.000330
8.694609
4.278022
8.608495
4.969968
5.020873
5.909342
6.936346
5.422488
3.996108
4.233739
3.265249
6.238579
4.218175
6.180323
3.460385
4.126343
3.583064
3.350562
2.978500
2.678057
4.486287
2.765254
3.139869
2.868487
2.638586
2.893826
2.655088
3.964764
2.991010
3.277556
2.426587
4.482424
3.571493
2.252436
2.304611
4.151647
2.487617
2.239613
2.138520
2.232874
3.265002
2.081326
2.168582
2.255367
2.269461
2.079670
3.726759
2.925435
1.989306
3.226033
2.137207
1.947420
1.994281
3.209526
2.961392
3.062202
2.601250
2.025235
1.858989
1.801563
1.925435
2.464020
3.046612
2.016129
2.530381
1.759105
1.924796
1.700236
2.460110
1.692103
1.832592
1.711710
1.805741
1.702683
1.753871
1.865985
2.097698
1.654617
1.690712
2.118619
2.165732
1.912962
2.570551
1.609213
1.675489
2.447226
2.411471
1.708284
2.085835
2.041504
1.561821
1.504075
1.794075
2.310462
1.902804
1.853071
2.321541
1.495205
1.952532
1.525510
1.599088
2.129484
2.141870
1.502578
1.569931
1.502455
2.012879
1.710710
1.674760
1.476519
1.556593
1.471405
1.614423
1.466111
2.033795
1.786251
1.427749
1.650370
1.505180
1.624534
1.904225
1.463636
1.437980
1.922686
1.459462
1.446953
1.457981
1.592779
1.393998
1.439078
1.390814
1.373633
1.431456
1.353682
1.396526
1.323362
1.802971
1.435490
1.365314
1.429305
1.383243
1.894292
1.366032
1.601283
1.721219
1.530863
1.333482
1.356967
1.344232
1.508992
1.581220
1.441344
1.351851
1.327915
1.361829
1.598153
1.376173
1.327955
1.343816
1.469922
1.338739
1.459520
1.370162
1.301856
1.476158
1.423424
1.428535
1.381232
1.633883
1.317001
1.359109
1.395163
1.419981
1.497089
1.256115
1.276381
1.458854
1.494426
1.300441
1.483798
1.478277
1.293405
1.295057
1.299849
1.575143
1.294063
1.469112
1.258862
1.288387
1.302056
1.487348
1.268875
1.444384
1.471739
1.290246
1.574410
1.272894
1.277556
1.255555
1.236615
1.407392
1.513790
1.304371
1.563935
1.281239
1.278737
1.253527
1.379185
1.292874
1.395015
1.387329
1.240914
1.265850
1.218400
1.240925
1.226097
1.276200
1.269476
1.258370
1.494592
1.242863
1.264060
1.353922
1.443306
1.215705
1.208320
1.282179
1.338301
1.333237
1.197567
1.350254
1.256203
1.483009
1.242622
1.219964
1.237618
1.221290
1.327578
1.386054
1.316197
1.209015
1.197792
1.194051
1.464334
1.226989
1.221972
1.330207
1.202038
1.228421
1.185046
1.368484
1.228373
1.185114
1.322326
1.208588
1.344728
1.201265
1.211903
1.235886
1.377962
1.181486
1.317884
1.257799
1.295913
1.333333
1.179287
1.245159
1.210994
1.318412
1.173727
1.274210
1.243132
1.197584
1.200819
1.171431
1.173462
1.192805
1.249118
1.216920
1.299317
1.284101
1.171835
1.361266
1.171406
1.192505
1.182512
1.177869
1.233975
1.311319
1.169821
1.197662
1.171544
1.206578
1.166869
1.157491
1.321000
1.198612
1.217340
1.158103
1.194463
1.221913
1.213111
1.177074
1.192149
1.153613
1.161450
1.248356
1.177663
1.213919
1.164451
1.209261
1.176068
1.184195
1.267222
1.157201
1.249997
1.248989
1.203965
1.170447
1.334294
1.233269
1.149422
1.335843
1.135297
1.222358
1.164404
1.156263
1.219666
1.319209
1.154342
1.218465
1.186426
1.146607
1.154138
1.151716
1.195045
1.246764
1.148313
1.145775
1.147325
1.240321
1.185107
1.159186
1.148629
1.233918
1.242347
1.231632
1.238472
1.141667
1.174647
1.185238
1.150553
1.144915
1.150022
1.234827
1.205396
1.137799
1.194634
1.213720
1.145642
1.214687
1.275809
1.153447
1.264161
1.148038
1.132934
1.163160
1.270161
1.179756
1.223781
1.127880
1.208655
1.208345
1.230380
1.153282
1.220507
1.222188
1.137029
1.128307
1.116392
1.194002
1.125516
1.131421
1.200066
1.132637
1.140285
1.129008
1.166404
1.134319
1.135661
1.134057
1.132454
1.143569
1.127808
1.157976
1.119253
1.140688
1.231757
1.125473
1.183030
1.210853
1.143213
1.170731
1.156211
1.142303
1.177717
1.173043
1.153376
1.119818
1.215908
1.125083
1.138287
1.122476
1.119003
1.133826
1.135415
1.104729
1.134990
1.120336
1.123584
1.228363
1.171342
1.149946
1.146591
1.135417
1.130170
1.124444
1.122035
1.191767
1.162475
1.125648
1.137203
1.229449
1.160780
1.115672
1.115220
1.226304
1.120290
1.113623
1.196588
1.108677
1.123150
1.174957
1.120369
1.162560
1.127283
1.150033
1.170074
1.122646
1.129727
1.099526
1.131192
1.112811
1.142272
1.118718
1.166441
1.102947
1.114752
1.175556
1.136350
1.106351
1.155023
1.212330
1.108050
1.100531
1.160333
1.186423
1.140972
1.099279
1.113407
1.104587
1.102676
1.174843
1.101609
1.099785
1.111783
1.098307
1.150801
1.105995
1.122832
1.136583
1.089335
1.110163
1.112212
1.177360
1.113163
1.195451
1.110420
1.103439
1.122140
1.155147
1.104018
1.112599
1.119129
1.144792
1.164872
1.132624
1.098829
1.101929
1.093314
1.109377
1.090583
1.095338
1.086328
1.189731
1.098283
1.092414
1.110837
1.137003
1.158025
1.114763
1.093274
1.116789
1.126707
1.089193
1.128189
1.096950
1.107371
1.096469
1.118453
1.085450
1.084680
1.088988
1.115842
1.096967
1.135898
1.086400
1.090133
1.101262
1.130916
1.189585
1.103790
1.132010
1.145202
1.123086
1.126801
1.184075
1.138628
1.105015
1.122418
1.184261
1.127893
1.090639
1.101934
1.151967
1.107293
1.094921
1.175695
1.109960
1.126031
1.100621
1.082255
1.078750
1.109623
1.096126
1.092113
1.092250
1.133502
1.095944
1.097219
1.148688
1.132098
1.076288
1.080335
1.119105
1.097109
1.117854
1.099604
1.139159
1.089633
1.133672
1.134090
1.084385
1.102432
1.105641
1.081024
1.088329
1.094167
1.096549
1.076969
1.118803
1.092831
1.075961
1.080230
1.086490
1.090114
1.121231
1.152073
1.085096
1.087964
1.095316
1.122889
1.078056
1.126101
1.087534
1.154280
1.092233
1.081596
1.079524
1.104900
1.153581
1.139225
1.103839
1.124738
1.107836
1.161202
1.080317
1.083468
1.078178
1.121327
1.072637
1.134209
1.071651
1.083612
1.085418
1.129418
1.163981
1.074026
1.149221
1.076682
1.098017
1.148658
1.113522
1.145532
1.085901
1.151140
1.073022
1.074493
1.130747
1.123973
1.119726
1.091140
1.121726
1.149330
1.087508
1.077048
1.112909
1.074671
1.068425
1.071101
1.104888
1.112979
1.081244
1.088412
1.084138
1.077439
1.115021
1.080179
1.080356
1.119240
1.078816
1.093789
1.084104
1.087270
1.121443
1.113301
1.077163
1.095915
1.075419
1.111301
1.109964
1.108977
1.073222
1.076136
1.091843
1.076970
1.091411
1.106385
1.099012
1.077948
1.070442
1.078650
1.094389
1.075116
1.121255
1.131941
1.091293
1.072047
1.072647
1.074824
1.075481
1.086240
1.086489
1.115592
1.103544
1.073033
1.086832
1.078810
1.064399
1.089500
1.073620
1.110662
1.107943
1.130563
1.071634
1.063964
1.097976
1.123212
1.082825
1.059871
1.103658
1.066907
1.069988
1.089645
1.076961
1.092210
1.101474
1.072426
1.067535
1.073115
1.137104
1.074593
1.097452
1.077583
1.069412
1.064018
1.075130
1.064624
1.063856
1.088818
1.069956
1.064219
1.059043
1.089044
1.081281
1.070398
1.070359
1.064211
1.082511
1.067435
1.068765
1.065092
1.069126
1.075704
1.086842
1.062261
1.076154
1.111187
1.089535
1.069423
1.061275
1.101722
1.061193
1.087400
1.094109
1.068985
1.074692
1.074549
1.058184
1.108858
1.067345
1.066330
1.095269
1.073325
1.059504
1.069736
1.065376
1.107764
1.078489
1.076662
1.088061
1.076244
1.059242
1.062405
1.058599
1.068092
1.060632
1.059013
1.077850
1.093158
1.065875
1.061448
1.059406
1.091691
1.091705
1.060301
1.073979
1.070857
1.095955
1.058152
1.060837
1.058555
1.071701
1.060155
1.061897
1.108079
1.056691
1.095119
1.088468
1.057255
1.109681
1.071024
1.095517
1.054932
1.056781
1.098757
1.057380
1.059540
1.080738
1.077861
1.074691
1.102194
1.097567
1.056679
1.070393
1.056179
1.059656
1.080915
1.067444
1.102454
1.063122
1.091552
1.077227
1.060467
1.067171
1.071558
1.062605
1.055689
1.081923
1.060175
1.083782
1.083311
1.062119
1.056987
1.066295
1.112017
1.067781
1.077936
1.063677
1.074768
1.065109
1.065319
1.107947
1.068663
1.088662
1.067963
1.088287
1.063947
1.070274
1.056654
1.104591
1.108607
1.084365
1.109807
1.085864
1.059448
1.087187
1.083917
1.092751
1.057852
1.054941
1.062904
1.060574
1.097718
1.080269
1.053528
1.056135
1.060854
1.080503
1.062345
1.057889
1.051713
1.052763
1.053470
1.083862
1.101893
1.066729
1.079177
1.108330
1.055285
1.095394
1.064681
1.060717
1.072440
1.106971
1.064832
1.072374
1.083842
1.057539
1.095023
1.075061
1.061994
1.056319
1.058775
1.098517
1.059165
1.056735
1.054291
1.050242
1.054063
1.054257
1.056626
1.053828
1.064546
1.059865
1.055372
1.082930
1.065035
1.049285
1.066241
1.050432
1.053374
1.048667
1.080713
1.052520
1.073335
1.077201
1.068302
1.088390
1.099242
1.060321
1.076210
1.075796
1.058265
1.052868
1.060089
1.088939
1.085322
1.100241
1.096758
1.078873
1.096867
1.100666
1.079517
1.058643
1.049858
1.088807
1.063159
1.066840
1.102796
1.050747
1.050542
1.050187
1.089991
1.087765
1.046925
1.066354
1.052395
1.048785
1.071806
1.074732
1.048160
1.085924
1.067639
1.048877
1.078590
1.079199
1.067065
1.070471
1.052309
1.097203
1.052547
1.052244
1.080655
1.049144
1.054752
1.075777
1.046858
1.071309
1.050655
1.062524
1.076190
1.057538
1.049062
1.070478
1.074471
1.048641
1.051987
1.047531
1.070472
1.054979
1.060343
1.046578
1.049492
1.085063
1.091051
1.046648
1.075730
1.060625
1.049194
1.046943
1.045345
1.086176
1.049248
1.045092
1.062946
1.065742
1.050716
1.058547
1.097586
1.071982
1.050378
1.057179
1.047000
1.038019
1.057626
1.044892
1.049490
1.049365
1.092179
1.043288
1.047747
1.072560
1.088254
1.046999
1.082833
1.055467
1.059182
1.054338
1.089890
1.068785
1.045721
1.048016
1.062174
1.054525
1.067899
1.051889
1.071650
1.056350
1.055059
1.060845
1.052186
1.076620
1.056436
1.059027
1.047911
1.062865
1.056189
1.073825
1.045074
1.053977
1.084744
1.044460
1.070099
1.072721
1.043070
1.052815
1.038398
1.047933
1.082770
1.067353
1.057379
1.066438
1.050639
1.053839
1.084660
1.054171
1.048237
1.068199
1.054409
1.041878
1.042913
1.061981
1.042494
1.077413
1.065352
1.048008
1.088396
1.066672
1.041654
1.068283
1.084965
1.043474
1.040691
1.055061
1.045517
1.047945
1.045026
1.052371
1.045269
1.067830
1.058399
1.042704
1.042679
1.079635
1.042764
1.043217
1.082958
1.052981
1.050078
1.081352
1.043510
1.057192
1.053670
1.048892
1.040329
1.051478
1.061173
1.070603
1.085654
1.058212
1.046725
1.040482
1.081712
1.039405
1.065785
1.044954
1.067599
1.048754
1.056567
1.049248
1.048814
1.040012
1.079293
1.064103
1.053945
1.040987
1.047040
1.048788
1.068303
1.067897
1.066228
1.043150
1.051098
1.067173
1.039993
1.055990
1.037398
1.044382
1.083649
1.055710
1.064366
1.037409
1.045092
1.052998
1.044668
1.064680
1.044698
1.039324
1.050135
1.043232
1.055321
1.063722
1.046517
1.080907
1.063024
1.052683
1.043864
1.059828
1.066041
1.057754
1.040603
1.043719
1.039413
1.057290
1.056794
1.076017
1.049856
1.040931
1.040607
1.038542
1.055634
1.041158
1.064285
1.040891
1.040485
1.055094
1.057528
1.040725
1.072303
1.042756
1.048371
1.058071
1.045490
1.036841
1.039404
1.038115
1.041647
1.048006
1.050062
1.071845
1.060247
1.038509
1.040770
1.076338
1.038436
1.060307
1.044197
1.040764
1.043595
1.040836
1.061218
1.038573
1.068497
1.047666
1.044157
1.078305
1.038469
1.047766
1.034316
1.041647
1.053395
1.051008
1.067049
1.042355
1.039162
1.042990
1.051115
1.037922
1.052427
1.040444
1.038620
1.047261
1.040575
1.058660
1.045183
1.047370
1.037459
1.041049
1.075000
1.056316
1.040274
1.037923
1.051985
1.039188
1.062779
1.049370
1.074882
1.037983
1.040194
1.072149
1.059333
1.064485
1.036980
1.042374
1.039789
1.045033
1.054779
1.044499
1.063655
1.039929
1.072084
1.041633
1.071632
1.046132
1.056398
1.043452
1.077159
1.037873
1.045271
1.075649
1.045208
1.057740
1.035323
1.037700
1.036173
1.038215
1.057128
1.038976
1.067777
1.041499
1.044386
1.055063
1.055476
1.043771
1.033387
1.035945
1.040703
1.035606
1.036239
1.053577
1.050735
1.051677
1.068573
1.046146
1.033349
1.034527
1.044407
1.051844
1.036516
1.041175
1.042134
1.063321
1.040521
1.037860
1.040476
1.045749
1.068131
1.039488
1.042566
1.057052
1.066482
1.039508
1.049567
1.036969
1.034527
1.034483
1.044423
1.040947
1.052778
1.035009
1.034565
1.032688
1.045518
1.035633
1.072937
1.055668
1.062830
1.031566
1.037640
1.046450
1.036312
1.033152
1.038999
1.031699
1.033464
1.056496
1.034953
1.056391
1.040358
1.063391
1.035807
1.036697
1.072601
1.068932
1.036356
1.035750
1.046209
1.032571
1.052657
1.046175
1.043197
1.036184
1.033910
1.039176
1.032121
1.035021
1.057032
1.032612
1.068615
1.039040
1.035719
1.060879
1.041836
1.069613
1.034575
1.033893
1.041349
1.037179
1.039285
1.040841
1.030026
1.032016
1.043364
1.039550
1.040239
1.035470
1.055416
1.056635
1.053989
1.038988
1.052502
1.031362
1.044208
1.041225
1.032835
1.035553
1.033929
1.045728
1.039226
1.051855
1.034339
1.047214
1.052849
1.034632
1.055008
1.031325
1.034141
1.035025
1.034080
1.034158
1.042752
1.033070
1.032545
1.066278
1.038375
1.032532
1.035847
1.033746
1.044127
1.061756
1.039921
1.037172
1.054138
1.031806
1.030965
1.037102
1.032666
1.043609
1.036514
1.045526
1.034488
1.047511
1.034561
1.049048
1.041018
1.033652
1.062758
1.040749
1.031642
1.035050
1.033466
1.038474
1.033035
1.035807
1.049312
1.035848
1.046761
1.031095
1.051313
1.041036
1.044321
1.049003
1.043211
1.035211
1.066360
1.034666
1.035342
1.036942
1.036491
1.036510
1.038329
1.035245
1.029840
1.029885
1.064614
1.041111
1.032079
1.032386
1.047433
1.036577
1.047615
1.045928
1.037077
1.048646
1.033809
1.053055
1.037821
1.045665
1.041412
1.051172
1.035222
1.034841
1.034757
1.061661
1.040651
1.043292
1.029952
1.048263
1.038377
1.039140
1.032602
1.054438
1.032935
1.033933
1.039270
1.032828
1.031317
1.059044
1.038871
1.043865
1.036845
1.054355
1.031750
1.032571
1.045463
1.030700
1.044793
1.030436
1.040190
1.028393
1.035181
1.054489
1.044440
1.032227
1.034033
1.032423
1.027572
1.047597
1.046526
1.032745
1.030140
1.043523
1.041541
1.028329
1.032590
1.048139
1.049613
1.031547
1.041635
1.033917
1.051894
1.039044
1.035212
1.031099
1.041733
1.060434
1.035408
1.039402
1.050892
1.035680
1.042630
1.030977
1.041839
1.045498
1.034939
1.049063
1.035296
1.027099
1.032058
1.029855
1.028869
1.050399
1.034848
1.053701
1.030276
1.060208
1.034199
1.035678
1.028594
1.047026
1.028734
1.030257
1.048524
1.031058
1.030920
1.026870
1.043986
1.044751
1.054820
1.047849
1.037149
1.034287
1.031768
1.045195
1.032317
1.043253
1.039714
1.029764
1.030124
1.033761
1.034787
1.033928
1.029955
1.041341
1.046891
1.030631
1.032753
1.055655
1.031115
1.052600
1.051966
1.050677
1.052383
1.029863
1.026927
1.029704
1.037604
1.056359
1.040898
1.032725
1.031014
1.049253
1.027690
1.029832
1.048684
1.042225
1.041397
1.040791
1.030334
1.033650
1.042252
1.025825
1.037096
1.039826
1.031330
1.032440
1.034274
1.032449
1.038081
1.032788
1.033874
1.025816
1.046550
1.037692
1.031085
1.043805
1.034647
1.036233
1.042196
1.031204
1.040313
1.027084
1.040938
1.031871
1.057135
1.031323
1.043831
1.030284
1.043149
1.028368
1.055315
1.029858
1.027768
1.041287
1.035447
1.029506
1.039133
1.041333
1.030920
1.026525
1.032785
1.026059
1.030004
1.039813
1.041773
1.028516
1.035917
1.035792
1.041473
1.030717
1.041845
1.039958
1.033875
1.035353
1.040920
1.036694
1.028018
1.054878
1.030591
1.033880
1.041634
1.043019
1.055660
1.023912
1.029770
1.039031
1.027938
1.031147
1.029346
1.026757
1.038877
1.026505
1.043961
1.026827
1.030107
1.030720
1.038764
1.032098
1.052206
1.051343
1.039338
1.042043
1.031434
1.030494
1.046407
1.051131
1.026123
1.039660
1.030453
1.025721
1.032062
1.037957
1.028999
1.025031
1.027199
1.031810
1.043241
1.042793
1.040607
1.038474
1.025673
1.029479
1.027879
1.034951
1.030057
1.032303
1.032193
1.031202
1.029700
1.026259
1.028661
1.032777
1.041734
1.035286
1.028421
1.022708
1.030355
1.033452
1.033450
1.030518
1.025008
1.038453
1.037543
1.041190
1.030178
1.029602
1.029673
1.025844
1.035280
1.026959
1.052146
1.042657
1.032006
1.029435
1.029293
1.042354
1.030651
1.031785
1.026062
1.053812
1.037639
1.031799
1.030227
1.047764
1.030310
1.028408
1.050513
1.038111
1.036524
1.033288
1.048620
1.030190
1.034017
1.023781
1.042170
1.034739
1.033884
1.025442
1.036280
1.025935
1.036980
1.027450
1.025247
1.047223
1.045320
1.024421
1.050293
1.026286
1.047070
1.033114
1.039130
1.037102
1.022360
1.029396
1.033542
1.027247
1.039901
1.049222
1.031167
1.042718
1.026398
1.039600
1.026850
1.050592
1.025587
1.040839
1.022884
1.039965
1.029631
1.043677
1.049459
1.033176
1.046674
1.025803
1.042522
1.039021
1.044048
1.041263
1.026958
1.033711
1.028750
1.029318
1.038060
1.051897
1.025676
1.030047
1.031365
1.028773
1.046136
1.025177
1.030797
1.030968
1.025475
1.047248
1.036380
1.029027
1.038021
1.030429
1.044503
1.049369
1.026827
1.028482
1.027358
1.024879
1.024218
1.036338
1.031527
1.027552
1.026647
1.024656
1.030680
1.034427
1.026798
1.025023
1.024911
1.033549
1.039219
1.028001
1.032877
1.037270
1.029798
1.025756
1.028691
1.030876
1.026985
1.027223
1.030810
1.025646
1.030769
1.025877
1.027052
1.050820
1.038886
1.050817
1.023854
1.023059
1.025977
1.035446
1.042884
1.028028
1.023957
1.023919
1.022019
1.025368
1.035936
1.026907
1.033871
1.027082
1.022527
1.032038
1.038398
1.049180
1.027341
1.036082
1.038708
1.030936
1.034458
1.019401
1.039771
1.025802
1.040071
1.038277
1.027266
1.044471
1.037339
1.046016
1.027510
1.025443
1.027091
1.026496
1.045057
1.034353
1.048240
1.036049
1.035367
1.021897
1.043095
1.025956
1.043513
1.027678
1.036257
1.029386
1.043435
1.023915
1.047689
1.031362
1.032896
1.022601
1.029398
1.033186
1.026679
1.030289
1.026406
1.024650
1.036511
1.025521
1.026680
1.022675
1.045086
1.025620
1.038597
1.032904
1.026814
1.022939
1.036415
1.042595
1.042154
1.048128
1.024937
1.040884
1.019041
1.024232
1.024700
1.032692
1.022972
1.023768
1.034908
1.031305
1.024583
1.029944
1.026247
1.030161
1.034865
1.028005
1.026733
1.032637
1.024055
1.034378
1.035252
1.035222
1.024921
1.024841
1.025699
1.040813
1.028142
1.024582
1.039881
1.029033
1.026115
1.036772
1.035087
1.022071
1.023626
1.029688
1.040403
1.027473
1.032896
1.022911
1.026142
1.040147
1.034441
1.024523
1.026013
1.027836
1.033922
1.025617
1.022504
1.024962
1.027684
1.032521
1.024127
1.026593
1.028748
1.029358
1.028917
1.025104
1.033429
1.032838
1.030533
1.023095
1.030657
1.043030
1.025152
1.024427
1.039633
1.024750
1.038377
1.024926
1.018596
1.035868
1.030855
1.033276
1.039993
1.031830
1.025116
1.024567
1.024274
1.044018
1.025211
1.034397
1.026090
1.041890
1.023700
1.037859
1.034159
1.022344
1.023912
1.026240
1.027942
1.027306
1.030470
1.033889
1.026683
1.027615
1.019372
1.020793
1.020398
1.040481
1.034849
1.023600
1.025545
1.033468
1.025660
1.026320
1.029476
1.021500
1.032357
1.025642
1.037294
1.029047
1.029084
1.025376
1.024061
1.030275
1.026607
1.029881
1.017468
